532
282
496
1227
1812
903
426
2130
1530
915
1106
2136
681
1405
882
1919
1260
1310
240
863
891
192
540
2120
870
750
374
218
357
842
929
1116
683
345
942
1189
189
1341
1381
1261
678
668
1021
1214
287
960
127
72
2040
1639
1565
156
2039
2141
2076
883
437
1620
964
586
721
1906
2079
1336
473
918
2220
452
1363
1636
821
1282
168
1016
165
1077
2207
850
1438
224
1362
87
1918
142
157
1688
2062
1329
576
33
645
928
1386
552
1575
203
1434
1767
558
187
2098
308
767
769
1451
65
1258
1298
1209
859
795
1487
1600
1331
1685
830
223
466
1739
78
1055
1373
653
1071
1988
893
673
1760
527
1809
2009
914
154
186
1653
1079
2212
1805
1875
402
1713
538
1928
2008
840
352
600
488
911
472
1170
57
583
1884
1560
800
1640
1397
346
368
1452
1732
1845
1998
422
1464
1413
602
526
408
875
2160
896
536
1547
1459
1093
1278
356
397
167
500
1232
1423
1479
1655
1869
953
1499
2176
1755
1259
1700
1283
2005
1497
423
2232
1987
1183
319
1689
1873
1726
31
32
37
40
56
86
95
110
120
146
176
177
194
226
229
235
243
244
251
254
276
296
299
311
325
340
349
351
365
403
411
416
419
431
439
444
448
449
458
467
469
475
476
480
490
501
534
541
567
587
588
598
607
627
650
665
676
694
719
727
730
735
760
764
766
779
791
801
802
803
815
839
846
851
853
884
940
945
950
955
956
974
979
984
985
995
996
997
1003
1030
1044
1058
1061
1087
1094
1097
1111
1126
1131
1140
1149
1150
1157
1159
1165
1174
1190
1193
1200
1212
1216
1217
1230
1233
1236
1263
1280
1281
1284
1305
1311
1314
1317
1334
1376
1389
1400
1422
1428
1455
1481
1495
1510
1520
1522
1526
1531
1543
1577
1583
1589
1593
1597
1605
1606
1619
1631
1643
1646
1657
1665
1681
1691
1693
1694
1702
1715
1718
1729
1759
1782
1789
1790
1793
1802
1815
1844
1856
1859
1877
1879
1880
1882
1900
1913
1924
1966
1978
1999
2001
2013
2020
2051
2052
2063
2067
2077
2095
2101
2111
2124
2127
2138
2142
2177
2180
2184
2196
2198
2199
2205
2210
2214
