0 2
1 1
2 1
3 1
4 2
5 1
6 1
7 2
8 1
9 2
10 1
11 1
12 2
13 2
14 1
15 1
16 1
17 2
18 2
19 2
20 1
21 2
22 1
23 1
24 1
25 1
26 1
27 2
28 1
29 1
30 2
33 1
34 2
35 2
36 1
38 2
39 1
41 2
42 2
43 2
44 1
45 1
46 1
47 1
48 2
49 1
50 2
51 2
52 1
53 1
54 1
55 1
57 1
58 2
59 1
60 1
61 2
62 2
63 1
64 2
65 1
66 1
67 2
68 2
69 1
70 2
71 1
72 2
73 1
74 1
75 1
76 2
77 1
78 1
79 2
80 2
81 2
82 2
83 1
84 2
85 2
87 2
88 2
89 1
90 1
91 2
92 1
93 2
94 1
96 2
97 1
98 1
99 1
100 1
101 1
102 1
103 1
104 1
105 1
106 2
107 2
108 2
109 2
111 2
112 1
113 1
114 2
115 1
116 2
117 2
118 2
119 2
121 2
122 2
123 1
124 1
125 1
126 1
127 1
128 2
129 2
130 1
131 1
132 2
133 1
134 1
135 1
136 2
137 2
138 1
139 2
140 2
141 2
142 2
143 1
144 2
145 1
147 2
148 1
149 2
150 1
151 2
152 2
153 1
154 1
155 2
156 1
157 1
158 2
159 2
160 2
161 1
162 1
163 1
164 2
165 2
166 1
167 2
168 1
169 1
170 1
171 1
172 2
173 1
174 1
175 2
178 2
179 1
180 2
181 1
182 2
183 1
184 1
185 1
186 2
187 1
188 1
189 1
190 2
191 1
192 1
193 2
195 1
196 1
197 1
198 2
199 1
200 2
201 1
202 2
203 2
204 2
205 1
206 2
207 2
208 1
209 2
210 1
211 2
212 1
213 2
214 2
215 2
216 1
217 2
218 1
219 2
220 2
221 1
222 2
223 1
224 2
225 2
227 2
228 2
230 1
231 2
232 2
233 1
234 2
236 1
237 1
238 1
239 1
240 2
241 2
242 2
245 2
246 2
247 1
248 2
249 1
250 2
252 1
253 2
255 2
256 1
257 2
258 2
259 1
260 2
261 1
262 2
263 2
264 1
265 1
266 2
267 1
268 2
269 2
270 2
271 1
272 1
273 2
274 1
275 1
277 2
278 2
279 1
280 2
281 2
282 2
283 1
284 1
285 2
286 2
287 1
288 2
289 2
290 2
291 1
292 1
293 2
294 2
295 1
297 1
298 2
300 1
301 1
302 1
303 2
304 2
305 1
306 2
307 2
308 1
309 2
310 2
312 1
313 1
314 1
315 1
316 1
317 1
318 1
319 2
320 2
321 1
322 2
323 2
324 1
326 1
327 2
328 1
329 2
330 2
331 2
332 1
333 2
334 1
335 2
336 1
337 1
338 1
339 1
341 2
342 1
343 1
344 2
345 1
346 1
347 1
348 2
350 1
352 1
353 1
354 1
355 1
356 1
357 2
358 1
359 1
360 2
361 2
362 2
363 2
364 2
366 1
367 2
368 2
369 1
370 1
371 1
372 1
373 2
374 1
375 1
376 2
377 2
378 1
379 2
380 1
381 2
382 2
383 1
384 2
385 2
386 1
387 2
388 2
389 1
390 2
391 1
392 2
393 1
394 2
395 1
396 1
397 2
398 2
399 2
400 2
401 1
402 2
404 2
405 1
406 2
407 1
408 2
409 2
410 1
412 2
413 1
414 2
415 2
417 2
418 2
420 1
421 2
422 1
423 1
424 2
425 2
426 2
427 1
428 1
429 2
430 1
432 2
433 2
434 1
435 1
436 1
437 2
438 1
440 2
441 2
442 1
443 2
445 1
446 1
447 2
450 2
451 2
452 1
453 1
454 2
455 1
456 2
457 2
459 2
460 1
461 2
462 2
463 1
464 2
465 1
466 1
468 1
470 2
471 2
472 1
473 1
474 2
477 2
478 1
479 1
481 2
482 1
483 2
484 1
485 2
486 2
487 1
488 1
489 1
491 1
492 2
493 1
494 2
495 2
496 1
497 2
498 2
499 2
500 2
502 1
503 1
504 2
505 1
506 2
507 1
508 1
509 2
510 2
511 2
512 1
513 1
514 1
515 1
516 2
517 2
518 1
519 1
520 1
521 2
522 1
523 1
524 1
525 2
526 2
527 2
528 2
529 2
530 2
531 1
532 2
533 1
535 2
536 2
537 2
538 1
539 1
540 2
542 1
543 2
544 2
545 2
546 1
547 1
548 2
549 2
550 2
551 2
552 2
553 1
554 2
555 2
556 2
557 2
558 1
559 1
560 1
561 2
562 1
563 2
564 2
565 1
566 2
568 1
569 1
570 1
571 1
572 1
573 2
574 1
575 1
576 2
577 1
578 2
579 1
580 2
581 2
582 1
583 2
584 1
585 1
586 2
589 1
590 1
591 2
592 1
593 2
594 2
595 2
596 1
597 2
599 1
600 1
601 1
602 1
603 1
604 2
605 2
606 1
608 2
609 1
610 1
611 1
612 1
613 2
614 2
615 1
616 2
617 1
618 2
619 2
620 2
621 1
622 1
623 2
624 1
625 2
626 1
628 2
629 1
630 1
631 1
632 1
633 2
634 2
635 1
636 2
637 2
638 1
639 1
640 1
641 1
642 1
643 1
644 2
645 2
646 1
647 2
648 1
649 2
651 2
652 1
653 2
654 2
655 1
656 2
657 2
658 1
659 2
660 2
661 1
662 1
663 2
664 2
666 2
667 1
668 1
669 1
670 1
671 2
672 2
673 2
674 1
675 1
677 1
678 2
679 2
680 1
681 2
682 1
683 1
684 1
685 1
686 2
687 1
688 1
689 2
690 1
691 2
692 1
693 1
695 1
696 1
697 2
698 2
699 1
700 1
701 2
702 1
703 2
704 2
705 2
706 1
707 2
708 2
709 1
710 1
711 1
712 2
713 1
714 1
715 2
716 1
717 1
718 1
720 2
721 2
722 1
723 2
724 1
725 1
726 1
728 1
729 2
731 2
732 1
733 1
734 1
736 1
737 2
738 2
739 2
740 2
741 1
742 2
743 1
744 1
745 1
746 1
747 2
748 1
749 2
750 1
751 2
752 1
753 1
754 2
755 1
756 1
757 1
758 1
759 1
761 2
762 1
763 2
765 2
767 2
768 1
769 1
770 1
771 1
772 1
773 2
774 2
775 1
776 2
777 1
778 1
780 2
781 2
782 2
783 2
784 1
785 1
786 1
787 2
788 1
789 2
790 2
792 1
793 2
794 1
795 1
796 2
797 1
798 1
799 2
800 2
804 1
805 2
806 2
807 1
808 2
809 2
810 2
811 2
812 1
813 2
814 1
816 1
817 2
818 2
819 2
820 1
821 1
822 2
823 2
824 2
825 2
826 2
827 1
828 2
829 2
830 2
831 2
832 2
833 2
834 2
835 2
836 2
837 2
838 1
840 1
841 2
842 1
843 1
844 1
845 1
847 1
848 2
849 1
850 2
852 2
854 2
855 2
856 1
857 2
858 2
859 2
860 1
861 2
862 1
863 1
864 2
865 1
866 2
867 1
868 1
869 2
870 2
871 1
872 2
873 2
874 2
875 1
876 1
877 2
878 2
879 1
880 2
881 1
882 1
883 2
885 2
886 1
887 1
888 2
889 2
890 1
891 1
892 1
893 2
894 2
895 2
896 1
897 1
898 1
899 1
900 1
901 2
902 1
903 1
904 2
905 2
906 2
907 1
908 2
909 1
910 2
911 1
912 1
913 1
914 1
915 1
916 2
917 1
918 2
919 1
920 2
921 1
922 1
923 1
924 2
925 1
926 2
927 2
928 2
929 2
930 1
931 2
932 2
933 2
934 2
935 2
936 1
937 2
938 1
939 2
941 1
942 1
943 2
944 2
946 2
947 2
948 1
949 2
951 1
952 2
953 2
954 1
957 1
958 2
959 1
960 2
961 1
962 2
963 1
964 1
965 1
966 1
967 2
968 2
969 1
970 2
971 2
972 1
973 1
975 2
976 2
977 1
978 1
980 2
981 2
982 2
983 1
986 1
987 1
988 2
989 1
990 2
991 1
992 1
993 2
994 2
998 1
999 1
1000 1
1001 1
1002 1
1004 2
1005 1
1006 1
1007 1
1008 1
1009 1
1010 2
1011 1
1012 1
1013 2
1014 2
1015 2
1016 2
1017 2
1018 1
1019 2
1020 1
1021 1
1022 1
1023 2
1024 1
1025 2
1026 1
1027 1
1028 1
1029 1
1031 2
1032 1
1033 2
1034 2
1035 2
1036 2
1037 2
1038 1
1039 1
1040 2
1041 1
1042 1
1043 1
1045 1
1046 1
1047 1
1048 2
1049 1
1050 2
1051 2
1052 1
1053 2
1054 2
1055 2
1056 2
1057 1
1059 2
1060 1
1062 2
1063 2
1064 1
1065 1
1066 2
1067 2
1068 2
1069 2
1070 1
1071 1
1072 2
1073 1
1074 1
1075 1
1076 2
1077 2
1078 2
1079 2
1080 2
1081 2
1082 1
1083 1
1084 1
1085 1
1086 1
1088 1
1089 2
1090 2
1091 2
1092 1
1093 1
1095 2
1096 2
1098 1
1099 2
1100 2
1101 2
1102 1
1103 2
1104 2
1105 1
1106 2
1107 1
1108 2
1109 1
1110 1
1112 1
1113 2
1114 2
1115 1
1116 1
1117 1
1118 2
1119 2
1120 2
1121 1
1122 2
1123 2
1124 2
1125 1
1127 2
1128 2
1129 1
1130 1
1132 2
1133 2
1134 2
1135 2
1136 2
1137 2
1138 1
1139 2
1141 1
1142 2
1143 1
1144 2
1145 1
1146 1
1147 1
1148 1
1151 1
1152 2
1153 1
1154 1
1155 1
1156 2
1158 2
1160 2
1161 1
1162 1
1163 2
1164 1
1166 1
1167 2
1168 1
1169 1
1170 1
1171 2
1172 2
1173 2
1175 1
1176 2
1177 2
1178 2
1179 2
1180 2
1181 1
1182 2
1183 2
1184 1
1185 2
1186 2
1187 1
1188 1
1189 2
1191 1
1192 2
1194 2
1195 1
1196 1
1197 1
1198 1
1199 1
1201 1
1202 2
1203 1
1204 1
1205 2
1206 2
1207 2
1208 2
1209 1
1210 1
1211 1
1213 1
1214 1
1215 1
1218 1
1219 1
1220 1
1221 1
1222 1
1223 1
1224 1
1225 1
1226 1
1227 2
1228 2
1229 2
1231 1
1232 1
1234 1
1235 2
1237 1
1238 2
1239 1
1240 1
1241 2
1242 1
1243 1
1244 1
1245 2
1246 2
1247 2
1248 1
1249 1
1250 2
1251 1
1252 2
1253 2
1254 1
1255 1
1256 1
1257 2
1258 2
1259 1
1260 2
1261 2
1262 1
1264 1
1265 1
1266 2
1267 1
1268 2
1269 2
1270 1
1271 2
1272 2
1273 2
1274 2
1275 1
1276 2
1277 1
1278 2
1279 2
1282 2
1283 2
1285 1
1286 2
1287 2
1288 2
1289 2
1290 1
1291 2
1292 2
1293 1
1294 2
1295 2
1296 2
1297 1
1298 1
1299 1
1300 2
1301 2
1302 2
1303 1
1304 1
1306 2
1307 1
1308 2
1309 2
1310 1
1312 1
1313 1
1315 1
1316 1
1318 2
1319 2
1320 1
1321 1
1322 2
1323 2
1324 2
1325 2
1326 1
1327 2
1328 1
1329 2
1330 1
1331 1
1332 2
1333 1
1335 2
1336 2
1337 2
1338 1
1339 1
1340 2
1341 2
1342 2
1343 1
1344 1
1345 1
1346 1
1347 1
1348 1
1349 1
1350 2
1351 1
1352 1
1353 1
1354 1
1355 2
1356 2
1357 2
1358 2
1359 2
1360 1
1361 2
1362 1
1363 1
1364 2
1365 2
1366 1
1367 1
1368 1
1369 2
1370 2
1371 2
1372 2
1373 1
1374 1
1375 1
1377 2
1378 2
1379 2
1380 1
1381 1
1382 2
1383 2
1384 1
1385 1
1386 1
1387 2
1388 2
1390 1
1391 2
1392 2
1393 2
1394 2
1395 1
1396 2
1397 1
1398 1
1399 2
1401 2
1402 1
1403 1
1404 1
1405 2
1406 2
1407 1
1408 2
1409 2
1410 2
1411 1
1412 2
1413 2
1414 1
1415 2
1416 1
1417 2
1418 2
1419 1
1420 1
1421 1
1423 1
1424 1
1425 1
1426 1
1427 1
1429 2
1430 1
1431 1
1432 1
1433 2
1434 2
1435 2
1436 1
1437 1
1438 1
1439 2
1440 2
1441 1
1442 1
1443 2
1444 2
1445 1
1446 1
1447 2
1448 2
1449 1
1450 2
1451 2
1452 1
1453 2
1454 2
1456 2
1457 1
1458 2
1459 2
1460 1
1461 1
1462 2
1463 1
1464 1
1465 2
1466 1
1467 2
1468 1
1469 2
1470 1
1471 2
1472 1
1473 2
1474 2
1475 1
1476 1
1477 1
1478 2
1479 1
1480 1
1482 1
1483 1
1484 2
1485 2
1486 2
1487 1
1488 1
1489 2
1490 1
1491 1
1492 2
1493 1
1494 2
1496 2
1497 1
1498 2
1499 1
1500 2
1501 1
1502 1
1503 2
1504 1
1505 2
1506 1
1507 1
1508 2
1509 2
1511 2
1512 1
1513 1
1514 1
1515 2
1516 1
1517 2
1518 1
1519 1
1521 1
1523 1
1524 1
1525 1
1527 2
1528 2
1529 2
1530 1
1532 2
1533 2
1534 2
1535 2
1536 2
1537 2
1538 1
1539 2
1540 2
1541 1
1542 1
1544 1
1545 2
1546 1
1547 1
1548 2
1549 2
1550 1
1551 1
1552 1
1553 1
1554 1
1555 1
1556 2
1557 1
1558 1
1559 2
1560 1
1561 1
1562 2
1563 1
1564 1
1565 1
1566 1
1567 2
1568 2
1569 2
1570 1
1571 1
1572 2
1573 1
1574 2
1575 1
1576 2
1578 2
1579 2
1580 1
1581 1
1582 2
1584 2
1585 1
1586 1
1587 1
1588 2
1590 2
1591 1
1592 1
1594 2
1595 2
1596 2
1598 1
1599 2
1600 1
1601 1
1602 2
1603 1
1604 1
1607 1
1608 1
1609 2
1610 1
1611 1
1612 1
1613 2
1614 1
1615 2
1616 2
1617 2
1618 2
1620 2
1621 2
1622 2
1623 2
1624 2
1625 2
1626 2
1627 2
1628 1
1629 1
1630 1
1632 1
1633 2
1634 1
1635 1
1636 2
1637 2
1638 1
1639 1
1640 1
1641 1
1642 1
1644 1
1645 2
1647 1
1648 1
1649 1
1650 1
1651 2
1652 1
1653 1
1654 1
1655 2
1656 2
1658 1
1659 2
1660 2
1661 2
1662 2
1663 2
1664 2
1666 1
1667 2
1668 1
1669 2
1670 1
1671 2
1672 1
1673 1
1674 1
1675 2
1676 2
1677 1
1678 1
1679 2
1680 2
1682 1
1683 2
1684 1
1685 1
1686 1
1687 2
1688 2
1689 2
1690 1
1692 1
1695 2
1696 1
1697 2
1698 1
1699 2
1700 1
1701 2
1703 2
1704 1
1705 1
1706 1
1707 2
1708 1
1709 1
1710 1
1711 2
1712 2
1713 2
1714 2
1716 1
1717 1
1719 2
1720 2
1721 1
1722 2
1723 2
1724 2
1725 1
1726 2
1727 2
1728 1
1730 1
1731 1
1732 1
1733 2
1734 1
1735 2
1736 1
1737 2
1738 1
1739 2
1740 2
1741 1
1742 1
1743 2
1744 1
1745 2
1746 1
1747 2
1748 2
1749 1
1750 2
1751 2
1752 1
1753 1
1754 2
1755 2
1756 1
1757 2
1758 1
1760 2
1761 2
1762 2
1763 2
1764 2
1765 1
1766 1
1767 1
1768 2
1769 1
1770 2
1771 2
1772 1
1773 1
1774 2
1775 1
1776 1
1777 1
1778 1
1779 2
1780 2
1781 1
1783 1
1784 2
1785 2
1786 1
1787 2
1788 2
1791 2
1792 1
1794 1
1795 1
1796 1
1797 1
1798 2
1799 1
1800 1
1801 2
1803 2
1804 2
1805 1
1806 2
1807 2
1808 2
1809 1
1810 1
1811 2
1812 1
1813 1
1814 2
1816 1
1817 1
1818 2
1819 1
1820 2
1821 2
1822 1
1823 1
1824 1
1825 2
1826 2
1827 2
1828 1
1829 2
1830 1
1831 1
1832 2
1833 1
1834 1
1835 1
1836 2
1837 2
1838 1
1839 1
1840 2
1841 1
1842 1
1843 2
1845 2
1846 1
1847 1
1848 1
1849 1
1850 2
1851 1
1852 1
1853 2
1854 1
1855 2
1857 2
1858 1
1860 1
1861 2
1862 1
1863 1
1864 1
1865 1
1866 2
1867 1
1868 1
1869 2
1870 1
1871 2
1872 2
1873 1
1874 2
1875 1
1876 2
1878 2
1881 1
1883 2
1884 1
1885 2
1886 2
1887 1
1888 1
1889 2
1890 1
1891 2
1892 1
1893 2
1894 1
1895 2
1896 1
1897 1
1898 2
1899 2
1901 1
1902 2
1903 2
1904 2
1905 2
1906 2
1907 1
1908 2
1909 2
1910 2
1911 1
1912 1
1914 1
1915 1
1916 2
1917 2
1918 1
1919 2
1920 2
1921 1
1922 1
1923 1
1925 2
1926 1
1927 1
1928 1
1929 2
1930 2
1931 2
1932 2
1933 2
1934 2
1935 1
1936 2
1937 1
1938 2
1939 2
1940 2
1941 2
1942 2
1943 1
1944 2
1945 1
1946 2
1947 1
1948 2
1949 2
1950 1
1951 1
1952 1
1953 2
1954 2
1955 1
1956 2
1957 1
1958 2
1959 2
1960 2
1961 1
1962 1
1963 1
1964 1
1965 1
1967 2
1968 2
1969 1
1970 2
1971 2
1972 2
1973 1
1974 1
1975 2
1976 2
1977 1
1979 2
1980 2
1981 2
1982 2
1983 1
1984 1
1985 1
1986 1
1987 2
1988 1
1989 1
1990 1
1991 2
1992 2
1993 1
1994 2
1995 1
1996 2
1997 2
1998 2
2000 2
2002 2
2003 2
2004 1
2005 2
2006 1
2007 1
2008 1
2009 2
2010 2
2011 2
2012 1
2014 2
2015 2
2016 1
2017 1
2018 2
2019 1
2021 1
2022 1
2023 2
2024 1
2025 1
2026 2
2027 1
2028 2
2029 1
2030 2
2031 1
2032 1
2033 1
2034 2
2035 1
2036 2
2037 2
2038 1
2039 2
2040 2
2041 2
2042 1
2043 2
2044 1
2045 1
2046 1
2047 2
2048 2
2049 2
2050 2
2053 2
2054 1
2055 2
2056 1
2057 2
2058 2
2059 2
2060 2
2061 1
2062 2
2064 1
2065 1
2066 1
2068 1
2069 2
2070 1
2071 2
2072 2
2073 1
2074 1
2075 2
2076 1
2078 1
2079 1
2080 1
2081 1
2082 2
2083 1
2084 2
2085 2
2086 1
2087 1
2088 2
2089 1
2090 2
2091 2
2092 1
2093 2
2094 2
2096 2
2097 1
2098 1
2099 2
2100 2
2102 1
2103 1
2104 2
2105 1
2106 2
2107 1
2108 1
2109 1
2110 2
2112 1
2113 2
2114 2
2115 2
2116 1
2117 2
2118 1
2119 1
2120 2
2121 1
2122 2
2123 2
2125 1
2126 2
2128 1
2129 2
2130 1
2131 1
2132 2
2133 2
2134 2
2135 1
2136 2
2137 2
2139 2
2140 1
2141 2
2143 2
2144 2
2145 2
2146 2
2147 2
2148 1
2149 1
2150 1
2151 2
2152 2
2153 2
2154 2
2155 1
2156 1
2157 2
2158 2
2159 1
2160 1
2161 2
2162 2
2163 1
2164 2
2165 2
2166 1
2167 2
2168 1
2169 2
2170 2
2171 2
2172 2
2173 1
2174 1
2175 2
2176 2
2178 2
2179 1
2181 2
2182 1
2183 2
2185 2
2186 1
2187 2
2188 1
2189 1
2190 2
2191 2
2192 1
2193 1
2194 1
2195 1
2197 2
2200 2
2201 1
2202 2
2203 2
2204 1
2206 2
2207 2
2208 2
2209 2
2211 1
2212 1
2213 2
2215 1
2216 2
2217 1
2218 2
2219 2
2220 1
2221 2
2222 2
2223 2
2224 2
2225 2
2226 2
2227 2
2228 2
2229 1
2230 2
2231 2
2232 2
2233 2
2234 2
