1833
2113
1042
1615
1017
76
1513
375
141
653
1080
173
1403
191
289
661
1505
562
1689
876
1676
66
1099
132
344
1751
1214
1232
990
426
48
790
1402
1937
337
1426
78
1475
733
514
1077
1950
787
1867
373
2208
866
1904
2031
292
1641
278
932
1655
3
393
360
242
561
1773
26
2229
680
1329
1529
268
1581
473
451
1943
1835
1862
2096
1201
1622
603
1226
339
912
404
6
1709
1460
312
1547
852
1206
531
2224
1469
1942
548
239
2080
708
621
2160
122
1289
1197
324
679
1620
471
1873
1436
1638
543
2146
350
1915
833
99
738
2188
1534
1450
622
1106
1703
1842
1445
167
1696
257
2065
168
1659
1361
217
470
2081
345
435
1816
1345
1760
1805
13
867
385
775
279
1514
720
2120
1680
968
1476
1443
1326
1308
2083
558
366
1560
1373
2231
321
124
1135
347
1144
2050
430
53
7
258
2219
690
1876
357
546
609
1440
899
65
1552
1228
1209
508
1488
306
716
1685
1609
315
1051
969
494
1963
277
914
429
540
769
1687
620
283
59
11
126
386
1669
2055
944
359
1569
652
2141
2147
2170
30
2134
342
1160
1849
684
806
2233
1390
1511
2150
209
2116
127
2100
888
1195
79
507
1594
1964
1690
1302
685
174
943
2023
1069
1667
1259
54
1874
1427
960
1822
718
1881
1343
615
1309
428
499
734
2017
654
1585
616
1409
165
1701
1743
1717
1057
1750
625
885
1843
1713
1984
125
1466
1066
1117
732
1199
1817
2108
768
85
2093
338
1595
816
935
1457
1293
1237
102
250
162
669
140
1383
1813
294
1735
1755
980
841
1351
1434
532
618
822
1749
1926
1644
2028
1857
1949
826
810
613
903
1415
1878
972
1599
1617
1932
1610
2217
1256
1105
2173
551
1122
1010
208
889
642
675
1155
1012
1571
1858
1360
1965
1322
1753
893
155
2143
2164
2038
542
1944
1369
1189
635
1130
1273
655
1994
1794
91
20
1323
186
780
49
880
263
1452
104
1683
234
2045
2179
1546
218
1732
999
1124
1387
138
2044
2012
260
1073
445
1970
577
697
1473
834
2185
1898
236
1235
1176
1538
1920
1342
199
1468
422
1320
252
286
1971
1250
461
1497
958
1431
1832
855
1907
1851
356
711
2091
1068
641
698
1270
262
774
1453
1425
1744
1414
933
1186
1276
2115
423
1503
686
1788
1063
1238
906
1945
1363
1819
991
527
925
963
1171
84
1973
744
1731
1056
1716
797
1902
1325
1909
2082
139
2232
75
1992
1720
818
1884
745
1528
38
468
16
673
838
266
2021
2070
651
364
656
624
2024
1498
672
482
573
1377
144
1747
388
1579
917
1451
1885
725
1045
1328
1034
198
1587
189
2183
1039
1887
1776
107
1471
1029
1300
1001
291
424
290
1728
837
1981
927
1018
1196
1277
1996
923
1253
1658
232
1727
904
317
474
1668
1009
865
1265
712
2123
206
1313
1901
2060
898
197
2025
503
2193
1423
1295
57
27
1399
1828
267
1356
1601
1983
1906
552
1222
377
2117
1335
1437
2088
2036
1863
922
109
1405
660
477
87
1266
792
2062
668
2059
149
1407
2151
706
450
832
845
24
348
742
487
1182
23
519
1614
1408
848
1754
736
547
285
440
265
1482
756
584
1172
1098
555
1958
67
1082
381
2003
46
565
2189
799
1988
1698
1064
1939
710
33
2105
740
1618
55
1224
361
2097
875
1372
2078
2228
2131
2107
1489
1807
1239
1781
1662
284
786
1645
1005
819
157
782
68
1518
891
1261
1711
1995
2018
1188
2137
1296
1371
152
1128
608
376
600
2162
2167
2139
1775
1091
795
1019
523
12
1442
1181
240
1725
1398
1119
387
1796
248
2007
159
1974
1800
2155
1375
1931
814
1570
1626
1809
396
1368
1331
1245
1826
134
310
785
887
1674
2144
1508
447
2203
873
828
307
1774
1533
1985
269
594
1540
659
1700
2215
74
1967
1823
1724
1575
1564
878
1936
1860
335
1120
1158
612
1855
2122
611
2192
309
872
314
1461
959
1365
135
550
28
844
1421
964
187
1374
981
472
602
1348
1299
492
2187
559
1608
1783
1288
1825
1494
1582
1814
1542
778
1132
414
71
108
1219
343
1350
1221
868
1021
36
1871
1941
683
1572
829
1799
1679
1568
1666
741
606
2166
578
1338
663
1231
72
1553
952
771
1167
367
1990
1969
1962
111
1211
1090
1177
892
1464
986
938
1297
1521
1123
1527
42
488
1246
1076
1292
1544
569
1210
1719
836
592
765
183
1536
737
723
936
1358
1083
1551
1332
131
1304
222
677
1459
1840
662
1787
998
1272
1151
1088
1026
1318
2154
333
116
1341
1267
1810
1306
434
1043
1903
2218
225
128
731
2037
1139
1022
459
1282
1037
583
1004
864
1346
264
1596
1507
1848
460
1085
1837
495
2136
1078
331
1448
1147
273
2008
395
823
1772
511
2128
1065
408
753
2087
1355
175
2073
2197
274
280
919
1804
857
1278
579
1137
29
2048
1438
136
256
1285
977
1125
1148
1079
1248
1792
928
1548
172
1940
1778
1663
767
794
1092
1101
2153
2098
911
1499
1565
1919
589
1598
437
830
1040
557
1748
443
2
457
1952
849
1477
1011
1801
763
1142
692
687
517
1330
1251
591
530
169
2156
2225
781
1127
643
2034
1444
1955
908
812
2159
1102
1803
1432
1401
522
270
636
1115
1650
220
4
1223
2201
1710
1075
456
2149
988
1998
238
2054
297
1050
35
179
714
1294
1357
993
171
432
1730
2152
1103
1420
446
1830
648
1695
524
452
1395
962
1161
1739
1441
2130
2172
421
1677
2158
207
626
886
496
2223
1671
1483
1763
674
770
1169
1745
772
400
2220
1279
272
1712
1141
1706
1737
748
15
1393
98
1733
512
1947
401
1145
2175
77
1704
1315
1028
479
965
1286
106
949
160
721
1630
1404
441
913
1191
1456
115
1107
405
729
154
574
1015
2222
1923
634
346
1362
658
89
702
1707
847
1893
934
2056
1492
1661
536
1628
821
937
114
1336
538
190
726
281
2112
406
64
987
752
670
1752
1769
1244
1771
1604
1549
1890
293
369
850
1204
628
840
1417
1758
1000
399
1883
1269
1324
535
1347
879
1104
623
1156
5
390
412
354
41
2202
1424
2009
465
1249
2195
166
870
500
1847
976
2230
910
1447
1110
463
1
1439
717
1025
1205
81
597
1808
2022
1574
1175
671
689
1418
18
2040
1046
525
216
2114
1607
2216
883
442
1642
196
1603
1392
212
572
1465
619
210
1627
1894
724
2019
649
2042
123
973
1647
302
397
1114
1917
1559
2035
2168
581
939
796
1697
219
161
305
882
630
666
1838
326
2004
1654
544
1786
638
571
466
1869
1951
323
1954
97
420
1031
1449
22
1152
751
2033
645
2030
2039
1852
890
261
1333
800
1509
784
1600
43
1258
1380
2058
560
1934
1517
2064
2163
617
504
1708
1573
1539
1067
1956
14
1215
1797
871
1168
1811
1435
181
920
1836
484
193
2234
1180
255
747
378
436
1578
1134
966
1185
610
1929
632
402
1968
894
1916
1777
1886
51
951
2094
1865
905
788
73
249
739
2165
1972
1588
1616
304
1479
119
1198
1290
63
1653
1500
1268
1027
554
485
1354
1839
328
1463
1412
942
129
1660
1218
1764
1762
510
1162
1602
842
8
319
863
854
1930
1664
1613
1229
776
2027
961
1454
2106
1780
374
789
1264
755
513
1640
92
1812
585
1271
1086
200
1416
633
147
1905
1977
223
1327
2046
813
2204
1562
1430
2129
2069
1446
358
1095
1592
1275
930
1928
1767
1530
2178
2207
1386
807
188
509
1109
1100
1116
1071
1179
1649
595
82
322
704
233
1922
1060
593
2213
1006
762
746
1889
2148
1384
856
817
491
1741
1410
1957
1397
1561
163
918
1705
1502
380
722
1997
1089
2099
384
372
58
896
2206
389
301
454
1566
1914
1761
143
130
1178
231
1014
204
700
1870
1316
498
1113
1310
1960
1850
924
1692
481
90
1241
180
537
1959
1625
707
101
1523
60
1891
1623
62
1798
705
221
50
1688
407
156
599
1672
1184
2005
1820
1339
245
1989
1632
971
105
1024
185
1821
413
1002
529
699
1032
1298
820
1872
1321
749
1935
827
2002
957
941
1806
916
1378
1491
392
1396
2200
1861
1381
1829
2109
901
1388
228
946
1013
1138
1136
2209
1359
931
17
1634
371
1612
2049
2191
1899
52
1501
1036
145
1556
1170
230
34
271
688
170
1925
112
192
1096
2085
1081
1433
327
94
516
601
2174
288
515
1470
1202
2011
970
1490
142
1896
1033
1319
201
246
493
1406
1041
1047
646
195
182
681
758
1770
259
1484
2161
418
2090
678
1154
1472
1831
1779
2227
383
308
693
1567
909
1986
1349
1948
874
1516
148
61
1591
178
1910
728
1519
318
590
0
1203
2074
2086
1927
953
644
1756
1845
1686
1558
1854
275
1257
539
214
1462
1247
1818
1340
975
1485
701
1624
664
1352
1411
2140
137
696
398
1979
1611
682
783
253
2133
2032
103
184
1059
824
1866
1049
1008
2047
417
45
1382
2041
900
202
1225
1892
2043
1194
1897
298
1738
295
862
10
1486
303
1584
320
1054
804
1537
300
1621
1734
1227
604
881
336
379
1639
1656
453
83
1367
1586
1987
334
2076
1673
989
1133
1699
1366
21
1629
2181
629
1146
1242
80
425
1112
2121
247
843
1038
362
316
355
70
1714
2014
1487
605
211
1108
757
895
203
556
1908
1254
282
1364
518
1726
382
1841
575
1055
1429
227
1287
564
332
2169
1541
2126
1912
462
2066
1918
1474
1946
759
1062
1164
363
860
352
394
1736
2211
1301
2125
1467
150
1243
1768
1590
1888
1740
743
1785
798
1007
1868
410
2068
153
1074
47
2016
1016
1163
1555
1670
2182
489
370
1846
1545
2186
549
2075
1938
409
992
570
1496
777
640
2104
1252
464
1291
1524
427
831
709
438
825
576
1684
241
2119
1391
1053
486
483
1506
948
1633
93
1795
1635
921
897
237
1493
151
1742
1504
1283
805
1478
877
118
809
1853
793
631
859
1370
455
982
1723
1143
580
1525
835
2102
224
1048
330
811
994
1982
2103
1975
96
25
1512
415
1234
929
2029
1784
902
1961
1976
639
596
505
1550
566
205
2092
657
2006
1084
1675
1757
1864
2118
353
1722
478
2089
2026
858
1213
1344
520
1993
1070
1652
754
213
528
1576
69
1480
391
1721
19
2071
1208
1121
1911
1274
1020
1379
1385
1187
2194
164
808
1173
1824
586
1636
1183
2084
713
568
1791
2132
521
954
1766
947
703
1262
215
1563
1651
1648
1240
1933
761
1394
88
1991
1532
117
1337
915
582
121
100
133
2221
545
1192
614
2135
329
2000
1220
691
433
869
2171
497
1118
1637
983
1682
368
1834
1052
2110
647
1678
637
2053
1827
1153
1746
553
563
2157
2010
750
1166
1035
1413
2145
1307
1765
9
1023
44
2072
1255
1458
667
287
2079
1557
1953
1895
773
926
1535
502
1260
861
158
1312
1980
341
2212
2190
2061
2015
1875
715
967
2057
1129
1353
31
32
37
40
56
86
95
110
120
146
176
177
194
226
229
235
243
244
251
254
276
296
299
311
325
340
349
351
365
403
411
416
419
431
439
444
448
449
458
467
469
475
476
480
490
501
534
541
567
587
588
598
607
627
650
665
676
694
719
727
730
735
760
764
766
779
791
801
802
803
815
839
846
851
853
884
940
945
950
955
956
974
979
984
985
995
996
997
1003
1030
1044
1058
1061
1087
1094
1097
1111
1126
1131
1140
1149
1150
1157
1159
1165
1174
1190
1193
1200
1212
1216
1217
1230
1233
1236
1263
1280
1281
1284
1305
1311
1314
1317
1334
1376
1389
1400
1422
1428
1455
1481
1495
1510
1520
1522
1526
1531
1543
1577
1583
1589
1593
1597
1605
1606
1619
1631
1643
1646
1657
1665
1681
1691
1693
1694
1702
1715
1718
1729
1759
1782
1789
1790
1793
1802
1815
1844
1856
1859
1877
1879
1880
1882
1900
1913
1924
1966
1978
1999
2001
2013
2020
2051
2052
2063
2067
2077
2095
2101
2111
2124
2127
2138
2142
2177
2180
2184
2196
2198
2199
2205
2210
2214
