0	1
1	0
2	0
3	0
4	1
5	0
6	0
7	1
8	0
9	1
10	0
11	0
12	1
13	1
14	0
15	0
16	0
17	1
18	1
19	1
20	0
21	1
22	0
23	0
24	0
25	0
26	0
27	1
28	0
29	0
30	1
33	0
34	1
35	1
36	0
38	1
39	0
41	1
42	1
43	1
44	0
45	0
46	0
47	0
48	1
49	0
50	1
51	1
52	0
53	0
54	0
55	0
57	0
58	1
59	0
60	0
61	1
62	1
63	0
64	1
65	0
66	0
67	1
68	1
69	0
70	1
71	0
72	1
73	0
74	0
75	0
76	1
77	0
78	0
79	1
80	1
81	1
82	1
83	0
84	1
85	1
87	1
88	1
89	0
90	0
91	1
92	0
93	1
94	0
96	1
97	0
98	0
99	0
100	0
101	0
102	0
103	0
104	0
105	0
106	1
107	1
108	1
109	1
111	1
112	0
113	0
114	1
115	0
116	1
117	1
118	1
119	1
121	1
122	1
123	0
124	0
125	0
126	0
127	0
128	1
129	1
130	0
131	0
132	1
133	0
134	0
135	0
136	1
137	1
138	0
139	1
140	1
141	1
142	1
143	0
144	1
145	0
147	1
148	0
149	1
150	0
151	1
152	1
153	0
154	0
155	1
156	0
157	0
158	1
159	1
160	1
161	0
162	0
163	0
164	1
165	1
166	0
167	1
168	0
169	0
170	0
171	0
172	1
173	0
174	0
175	1
178	1
179	0
180	1
181	0
182	1
183	0
184	0
185	0
186	1
187	0
188	0
189	0
190	1
191	0
192	0
193	1
195	0
196	0
197	0
198	1
199	0
200	1
201	0
202	1
203	1
204	1
205	0
206	1
207	1
208	0
209	1
210	0
211	1
212	0
213	1
214	1
215	1
216	0
217	1
218	0
219	1
220	1
221	0
222	1
223	0
224	1
225	1
227	1
228	1
230	0
231	1
232	1
233	0
234	1
236	0
237	0
238	0
239	0
240	1
241	1
242	1
245	1
246	1
247	0
248	1
249	0
250	1
252	0
253	1
255	1
256	0
257	1
258	1
259	0
260	1
261	0
262	1
263	1
264	0
265	0
266	1
267	0
268	1
269	1
270	1
271	0
272	0
273	1
274	0
275	0
277	1
278	1
279	0
280	1
281	1
282	1
283	0
284	0
285	1
286	1
287	0
288	1
289	1
290	1
291	0
292	0
293	1
294	1
295	0
297	0
298	1
300	0
301	0
302	0
303	1
304	1
305	0
306	1
307	1
308	0
309	1
310	1
312	0
313	0
314	0
315	0
316	0
317	0
318	0
319	1
320	1
321	0
322	1
323	1
324	0
326	0
327	1
328	0
329	1
330	1
331	1
332	0
333	1
334	0
335	1
336	0
337	0
338	0
339	0
341	1
342	0
343	0
344	1
345	0
346	0
347	0
348	1
350	0
352	0
353	0
354	0
355	0
356	0
357	1
358	0
359	0
360	1
361	1
362	1
363	1
364	1
366	0
367	1
368	1
369	0
370	0
371	0
372	0
373	1
374	0
375	0
376	1
377	1
378	0
379	1
380	0
381	1
382	1
383	0
384	1
385	1
386	0
387	1
388	1
389	0
390	1
391	0
392	1
393	0
394	1
395	0
396	0
397	1
398	1
399	1
400	1
401	0
402	1
404	1
405	0
406	1
407	0
408	1
409	1
410	0
412	1
413	0
414	1
415	1
417	1
418	1
420	0
421	1
422	0
423	0
424	1
425	1
426	1
427	0
428	0
429	1
430	0
432	1
433	1
434	0
435	0
436	0
437	1
438	0
440	1
441	1
442	0
443	1
445	0
446	0
447	1
450	1
451	1
452	0
453	0
454	1
455	0
456	1
457	1
459	1
460	0
461	1
462	1
463	0
464	1
465	0
466	0
468	0
470	1
471	1
472	0
473	0
474	1
477	1
478	0
479	0
481	1
482	0
483	1
484	0
485	1
486	1
487	0
488	0
489	0
491	0
492	1
493	0
494	1
495	1
496	0
497	1
498	1
499	1
500	1
502	0
503	0
504	1
505	0
506	1
507	0
508	0
509	1
510	1
511	1
512	0
513	0
514	0
515	0
516	1
517	1
518	0
519	0
520	0
521	1
522	0
523	0
524	0
525	1
526	1
527	1
528	1
529	1
530	1
531	0
532	1
533	0
535	1
536	1
537	1
538	0
539	0
540	1
542	0
543	1
544	1
545	1
546	0
547	0
548	1
549	1
550	1
551	1
552	1
553	0
554	1
555	1
556	1
557	1
558	0
559	0
560	0
561	1
562	0
563	1
564	1
565	0
566	1
568	0
569	0
570	0
571	0
572	0
573	1
574	0
575	0
576	1
577	0
578	1
579	0
580	1
581	1
582	0
583	1
584	0
585	0
586	1
589	0
590	0
591	1
592	0
593	1
594	1
595	1
596	0
597	1
599	0
600	0
601	0
602	0
603	0
604	1
605	1
606	0
608	1
609	0
610	0
611	0
612	0
613	1
614	1
615	0
616	1
617	0
618	1
619	1
620	1
621	0
622	0
623	1
624	0
625	1
626	0
628	1
629	0
630	0
631	0
632	0
633	1
634	1
635	0
636	1
637	1
638	0
639	0
640	0
641	0
642	0
643	0
644	1
645	1
646	0
647	1
648	0
649	1
651	1
652	0
653	1
654	1
655	0
656	1
657	1
658	0
659	1
660	1
661	0
662	0
663	1
664	1
666	1
667	0
668	0
669	0
670	0
671	1
672	1
673	1
674	0
675	0
677	0
678	1
679	1
680	0
681	1
682	0
683	0
684	0
685	0
686	1
687	0
688	0
689	1
690	0
691	1
692	0
693	0
695	0
696	0
697	1
698	1
699	0
700	0
701	1
702	0
703	1
704	1
705	1
706	0
707	1
708	1
709	0
710	0
711	0
712	1
713	0
714	0
715	1
716	0
717	0
718	0
720	1
721	1
722	0
723	1
724	0
725	0
726	0
728	0
729	1
731	1
732	0
733	0
734	0
736	0
737	1
738	1
739	1
740	1
741	0
742	1
743	0
744	0
745	0
746	0
747	1
748	0
749	1
750	0
751	1
752	0
753	0
754	1
755	0
756	0
757	0
758	0
759	0
761	1
762	0
763	1
765	1
767	1
768	0
769	0
770	0
771	0
772	0
773	1
774	1
775	0
776	1
777	0
778	0
780	1
781	1
782	1
783	1
784	0
785	0
786	0
787	1
788	0
789	1
790	1
792	0
793	1
794	0
795	0
796	1
797	0
798	0
799	1
800	1
804	0
805	1
806	1
807	0
808	1
809	1
810	1
811	1
812	0
813	1
814	0
816	0
817	1
818	1
819	1
820	0
821	0
822	1
823	1
824	1
825	1
826	1
827	0
828	1
829	1
830	1
831	1
832	1
833	1
834	1
835	1
836	1
837	1
838	0
840	0
841	1
842	0
843	0
844	0
845	0
847	0
848	1
849	0
850	1
852	1
854	1
855	1
856	0
857	1
858	1
859	1
860	0
861	1
862	0
863	0
864	1
865	0
866	1
867	0
868	0
869	1
870	1
871	0
872	1
873	1
874	1
875	0
876	0
877	1
878	1
879	0
880	1
881	0
882	0
883	1
885	1
886	0
887	0
888	1
889	1
890	0
891	0
892	0
893	1
894	1
895	1
896	0
897	0
898	0
899	0
900	0
901	1
902	0
903	0
904	1
905	1
906	1
907	0
908	1
909	0
910	1
911	0
912	0
913	0
914	0
915	0
916	1
917	0
918	1
919	0
920	1
921	0
922	0
923	0
924	1
925	0
926	1
927	1
928	1
929	1
930	0
931	1
932	1
933	1
934	1
935	1
936	0
937	1
938	0
939	1
941	0
942	0
943	1
944	1
946	1
947	1
948	0
949	1
951	0
952	1
953	1
954	0
957	0
958	1
959	0
960	1
961	0
962	1
963	0
964	0
965	0
966	0
967	1
968	1
969	0
970	1
971	1
972	0
973	0
975	1
976	1
977	0
978	0
980	1
981	1
982	1
983	0
986	0
987	0
988	1
989	0
990	1
991	0
992	0
993	1
994	1
998	0
999	0
1000	0
1001	0
1002	0
1004	1
1005	0
1006	0
1007	0
1008	0
1009	0
1010	1
1011	0
1012	0
1013	1
1014	1
1015	1
1016	1
1017	1
1018	0
1019	1
1020	0
1021	0
1022	0
1023	1
1024	0
1025	1
1026	0
1027	0
1028	0
1029	0
1031	1
1032	0
1033	1
1034	1
1035	1
1036	1
1037	1
1038	0
1039	0
1040	1
1041	0
1042	0
1043	0
1045	0
1046	0
1047	0
1048	1
1049	0
1050	1
1051	1
1052	0
1053	1
1054	1
1055	1
1056	1
1057	0
1059	1
1060	0
1062	1
1063	1
1064	0
1065	0
1066	1
1067	1
1068	1
1069	1
1070	0
1071	0
1072	1
1073	0
1074	0
1075	0
1076	1
1077	1
1078	1
1079	1
1080	1
1081	1
1082	0
1083	0
1084	0
1085	0
1086	0
1088	0
1089	1
1090	1
1091	1
1092	0
1093	0
1095	1
1096	1
1098	0
1099	1
1100	1
1101	1
1102	0
1103	1
1104	1
1105	0
1106	1
1107	0
1108	1
1109	0
1110	0
1112	0
1113	1
1114	1
1115	0
1116	0
1117	0
1118	1
1119	1
1120	1
1121	0
1122	1
1123	1
1124	1
1125	0
1127	1
1128	1
1129	0
1130	0
1132	1
1133	1
1134	1
1135	1
1136	1
1137	1
1138	0
1139	1
1141	0
1142	1
1143	0
1144	1
1145	0
1146	0
1147	0
1148	0
1151	0
1152	1
1153	0
1154	0
1155	0
1156	1
1158	1
1160	1
1161	0
1162	0
1163	1
1164	0
1166	0
1167	1
1168	0
1169	0
1170	0
1171	1
1172	1
1173	1
1175	0
1176	1
1177	1
1178	1
1179	1
1180	1
1181	0
1182	1
1183	1
1184	0
1185	1
1186	1
1187	0
1188	0
1189	1
1191	0
1192	1
1194	1
1195	0
1196	0
1197	0
1198	0
1199	0
1201	0
1202	1
1203	0
1204	0
1205	1
1206	1
1207	1
1208	1
1209	0
1210	0
1211	0
1213	0
1214	0
1215	0
1218	0
1219	0
1220	0
1221	0
1222	0
1223	0
1224	0
1225	0
1226	0
1227	1
1228	1
1229	1
1231	0
1232	0
1234	0
1235	1
1237	0
1238	1
1239	0
1240	0
1241	1
1242	0
1243	0
1244	0
1245	1
1246	1
1247	1
1248	0
1249	0
1250	1
1251	0
1252	1
1253	1
1254	0
1255	0
1256	0
1257	1
1258	1
1259	0
1260	1
1261	1
1262	0
1264	0
1265	0
1266	1
1267	0
1268	1
1269	1
1270	0
1271	1
1272	1
1273	1
1274	1
1275	0
1276	1
1277	0
1278	1
1279	1
1282	1
1283	1
1285	0
1286	1
1287	1
1288	1
1289	1
1290	0
1291	1
1292	1
1293	0
1294	1
1295	1
1296	1
1297	0
1298	0
1299	0
1300	1
1301	1
1302	1
1303	0
1304	0
1306	1
1307	0
1308	1
1309	1
1310	0
1312	0
1313	0
1315	0
1316	0
1318	1
1319	1
1320	0
1321	0
1322	1
1323	1
1324	1
1325	1
1326	0
1327	1
1328	0
1329	1
1330	0
1331	0
1332	1
1333	0
1335	1
1336	1
1337	1
1338	0
1339	0
1340	1
1341	1
1342	1
1343	0
1344	0
1345	0
1346	0
1347	0
1348	0
1349	0
1350	1
1351	0
1352	0
1353	0
1354	0
1355	1
1356	1
1357	1
1358	1
1359	1
1360	0
1361	1
1362	0
1363	0
1364	1
1365	1
1366	0
1367	0
1368	0
1369	1
1370	1
1371	1
1372	1
1373	0
1374	0
1375	0
1377	1
1378	1
1379	1
1380	0
1381	0
1382	1
1383	1
1384	0
1385	0
1386	0
1387	1
1388	1
1390	0
1391	1
1392	1
1393	1
1394	1
1395	0
1396	1
1397	0
1398	0
1399	1
1401	1
1402	0
1403	0
1404	0
1405	1
1406	1
1407	0
1408	1
1409	1
1410	1
1411	0
1412	1
1413	1
1414	0
1415	1
1416	0
1417	1
1418	1
1419	0
1420	0
1421	0
1423	0
1424	0
1425	0
1426	0
1427	0
1429	1
1430	0
1431	0
1432	0
1433	1
1434	1
1435	1
1436	0
1437	0
1438	0
1439	1
1440	1
1441	0
1442	0
1443	1
1444	1
1445	0
1446	0
1447	1
1448	1
1449	0
1450	1
1451	1
1452	0
1453	1
1454	1
1456	1
1457	0
1458	1
1459	1
1460	0
1461	0
1462	1
1463	0
1464	0
1465	1
1466	0
1467	1
1468	0
1469	1
1470	0
1471	1
1472	0
1473	1
1474	1
1475	0
1476	0
1477	0
1478	1
1479	0
1480	0
1482	0
1483	0
1484	1
1485	1
1486	1
1487	0
1488	0
1489	1
1490	0
1491	0
1492	1
1493	0
1494	1
1496	1
1497	0
1498	1
1499	0
1500	1
1501	0
1502	0
1503	1
1504	0
1505	1
1506	0
1507	0
1508	1
1509	1
1511	1
1512	0
1513	0
1514	0
1515	1
1516	0
1517	1
1518	0
1519	0
1521	0
1523	0
1524	0
1525	0
1527	1
1528	1
1529	1
1530	0
1532	1
1533	1
1534	1
1535	1
1536	1
1537	1
1538	0
1539	1
1540	1
1541	0
1542	0
1544	0
1545	1
1546	0
1547	0
1548	1
1549	1
1550	0
1551	0
1552	0
1553	0
1554	0
1555	0
1556	1
1557	0
1558	0
1559	1
1560	0
1561	0
1562	1
1563	0
1564	0
1565	0
1566	0
1567	1
1568	1
1569	1
1570	0
1571	0
1572	1
1573	0
1574	1
1575	0
1576	1
1578	1
1579	1
1580	0
1581	0
1582	1
1584	1
1585	0
1586	0
1587	0
1588	1
1590	1
1591	0
1592	0
1594	1
1595	1
1596	1
1598	0
1599	1
1600	0
1601	0
1602	1
1603	0
1604	0
1607	0
1608	0
1609	1
1610	0
1611	0
1612	0
1613	1
1614	0
1615	1
1616	1
1617	1
1618	1
1620	1
1621	1
1622	1
1623	1
1624	1
1625	1
1626	1
1627	1
1628	0
1629	0
1630	0
1632	0
1633	1
1634	0
1635	0
1636	1
1637	1
1638	0
1639	0
1640	0
1641	0
1642	0
1644	0
1645	1
1647	0
1648	0
1649	0
1650	0
1651	1
1652	0
1653	0
1654	0
1655	1
1656	1
1658	0
1659	1
1660	1
1661	1
1662	1
1663	1
1664	1
1666	0
1667	1
1668	0
1669	1
1670	0
1671	1
1672	0
1673	0
1674	0
1675	1
1676	1
1677	0
1678	0
1679	1
1680	1
1682	0
1683	1
1684	0
1685	0
1686	0
1687	1
1688	1
1689	1
1690	0
1692	0
1695	1
1696	0
1697	1
1698	0
1699	1
1700	0
1701	1
1703	1
1704	0
1705	0
1706	0
1707	1
1708	0
1709	0
1710	0
1711	1
1712	1
1713	1
1714	1
1716	0
1717	0
1719	1
1720	1
1721	0
1722	1
1723	1
1724	1
1725	0
1726	1
1727	1
1728	0
1730	0
1731	0
1732	0
1733	1
1734	0
1735	1
1736	0
1737	1
1738	0
1739	1
1740	1
1741	0
1742	0
1743	1
1744	0
1745	1
1746	0
1747	1
1748	1
1749	0
1750	1
1751	1
1752	0
1753	0
1754	1
1755	1
1756	0
1757	1
1758	0
1760	1
1761	1
1762	1
1763	1
1764	1
1765	0
1766	0
1767	0
1768	1
1769	0
1770	1
1771	1
1772	0
1773	0
1774	1
1775	0
1776	0
1777	0
1778	0
1779	1
1780	1
1781	0
1783	0
1784	1
1785	1
1786	0
1787	1
1788	1
1791	1
1792	0
1794	0
1795	0
1796	0
1797	0
1798	1
1799	0
1800	0
1801	1
1803	1
1804	1
1805	0
1806	1
1807	1
1808	1
1809	0
1810	0
1811	1
1812	0
1813	0
1814	1
1816	0
1817	0
1818	1
1819	0
1820	1
1821	1
1822	0
1823	0
1824	0
1825	1
1826	1
1827	1
1828	0
1829	1
1830	0
1831	0
1832	1
1833	0
1834	0
1835	0
1836	1
1837	1
1838	0
1839	0
1840	1
1841	0
1842	0
1843	1
1845	1
1846	0
1847	0
1848	0
1849	0
1850	1
1851	0
1852	0
1853	1
1854	0
1855	1
1857	1
1858	0
1860	0
1861	1
1862	0
1863	0
1864	0
1865	0
1866	1
1867	0
1868	0
1869	1
1870	0
1871	1
1872	1
1873	0
1874	1
1875	0
1876	1
1878	1
1881	0
1883	1
1884	0
1885	1
1886	1
1887	0
1888	0
1889	1
1890	0
1891	1
1892	0
1893	1
1894	0
1895	1
1896	0
1897	0
1898	1
1899	1
1901	0
1902	1
1903	1
1904	1
1905	1
1906	1
1907	0
1908	1
1909	1
1910	1
1911	0
1912	0
1914	0
1915	0
1916	1
1917	1
1918	0
1919	1
1920	1
1921	0
1922	0
1923	0
1925	1
1926	0
1927	0
1928	0
1929	1
1930	1
1931	1
1932	1
1933	1
1934	1
1935	0
1936	1
1937	0
1938	1
1939	1
1940	1
1941	1
1942	1
1943	0
1944	1
1945	0
1946	1
1947	0
1948	1
1949	1
1950	0
1951	0
1952	0
1953	1
1954	1
1955	0
1956	1
1957	0
1958	1
1959	1
1960	1
1961	0
1962	0
1963	0
1964	0
1965	0
1967	1
1968	1
1969	0
1970	1
1971	1
1972	1
1973	0
1974	0
1975	1
1976	1
1977	0
1979	1
1980	1
1981	1
1982	1
1983	0
1984	0
1985	0
1986	0
1987	1
1988	0
1989	0
1990	0
1991	1
1992	1
1993	0
1994	1
1995	0
1996	1
1997	1
1998	1
2000	1
2002	1
2003	1
2004	0
2005	1
2006	0
2007	0
2008	0
2009	1
2010	1
2011	1
2012	0
2014	1
2015	1
2016	0
2017	0
2018	1
2019	0
2021	0
2022	0
2023	1
2024	0
2025	0
2026	1
2027	0
2028	1
2029	0
2030	1
2031	0
2032	0
2033	0
2034	1
2035	0
2036	1
2037	1
2038	0
2039	1
2040	1
2041	1
2042	0
2043	1
2044	0
2045	0
2046	0
2047	1
2048	1
2049	1
2050	1
2053	1
2054	0
2055	1
2056	0
2057	1
2058	1
2059	1
2060	1
2061	0
2062	1
2064	0
2065	0
2066	0
2068	0
2069	1
2070	0
2071	1
2072	1
2073	0
2074	0
2075	1
2076	0
2078	0
2079	0
2080	0
2081	0
2082	1
2083	0
2084	1
2085	1
2086	0
2087	0
2088	1
2089	0
2090	1
2091	1
2092	0
2093	1
2094	1
2096	1
2097	0
2098	0
2099	1
2100	1
2102	0
2103	0
2104	1
2105	0
2106	1
2107	0
2108	0
2109	0
2110	1
2112	0
2113	1
2114	1
2115	1
2116	0
2117	1
2118	0
2119	0
2120	1
2121	0
2122	1
2123	1
2125	0
2126	1
2128	0
2129	1
2130	0
2131	0
2132	1
2133	1
2134	1
2135	0
2136	1
2137	1
2139	1
2140	0
2141	1
2143	1
2144	1
2145	1
2146	1
2147	1
2148	0
2149	0
2150	0
2151	1
2152	1
2153	1
2154	1
2155	0
2156	0
2157	1
2158	1
2159	0
2160	0
2161	1
2162	1
2163	0
2164	1
2165	1
2166	0
2167	1
2168	0
2169	1
2170	1
2171	1
2172	1
2173	0
2174	0
2175	1
2176	1
2178	1
2179	0
2181	1
2182	0
2183	1
2185	1
2186	0
2187	1
2188	0
2189	0
2190	1
2191	1
2192	0
2193	0
2194	0
2195	0
2197	1
2200	1
2201	0
2202	1
2203	1
2204	0
2206	1
2207	1
2208	1
2209	1
2211	0
2212	0
2213	1
2215	0
2216	1
2217	0
2218	1
2219	1
2220	0
2221	1
2222	1
2223	1
2224	1
2225	1
2226	1
2227	1
2228	1
2229	0
2230	1
2231	1
2232	1
2233	1
2234	1
