272
1901
150
1930
2109
1751
269
68
1383
580
922
139
2185
402
1991
2123
1788
1560
1926
250
396
27
798
757
1626
1588
106
465
1870
1862
455
1141
2091
1098
2045
2086
1804
1716
1222
60
1610
702
42
1279
689
2098
612
174
81
1846
265
2026
1005
849
1060
2076
1695
368
619
525
1865
1378
1368
1183
618
432
1290
1420
1112
912
1377
632
125
424
1250
318
1379
1176
1529
1388
1277
371
2030
375
899
1843
303
725
234
1318
1214
572
100
147
16
117
1658
674
1260
932
2193
1050
31
32
37
40
56
86
95
110
120
146
176
177
194
226
229
235
243
244
251
254
276
296
299
311
325
340
349
351
365
403
411
416
419
431
439
444
448
449
458
467
469
475
476
480
490
501
534
541
567
587
588
598
607
627
650
665
676
694
719
727
730
735
760
764
766
779
791
801
802
803
815
839
846
851
853
884
940
945
950
955
956
974
979
984
985
995
996
997
1003
1030
1044
1058
1061
1087
1094
1097
1111
1126
1131
1140
1149
1150
1157
1159
1165
1174
1190
1193
1200
1212
1216
1217
1230
1233
1236
1263
1280
1281
1284
1305
1311
1314
1317
1334
1376
1389
1400
1422
1428
1455
1481
1495
1510
1520
1522
1526
1531
1543
1577
1583
1589
1593
1597
1605
1606
1619
1631
1643
1646
1657
1665
1681
1691
1693
1694
1702
1715
1718
1729
1759
1782
1789
1790
1793
1802
1815
1844
1856
1859
1877
1879
1880
1882
1900
1913
1924
1966
1978
1999
2001
2013
2020
2051
2052
2063
2067
2077
2095
2101
2111
2124
2127
2138
2142
2177
2180
2184
2196
2198
2199
2205
2210
2214
