1624
2041
855
1893
247
112
704
993
208
638
1377
1711
708
2158
169
406
994
387
560
291
1629
1955
651
42
290
20
1958
1750
901
1786
722
532
418
1161
1322
2042
897
377
787
1223
1735
723
24
1175
944
1806
1482
1553
44
1088
1723
1738
579
1636
902
2073
1220
1274
147
2232
951
758
1641
1560
594
1218
131
2024
190
1548
1419
657
135
959
22
1985
1191
1084
1832
2172
504
422
1746
989
557
1204
1340
1850
2034
492
248
1926
1479
219
1608
819
1736
1938
1967
1430
13
166
685
1238
1535
1483
807
2139
88
2201
104
1341
195
1534
156
54
402
1338
1627
841
513
1385
1871
602
1010
2233
1398
80
1172
2030
1950
491
2106
1828
1303
916
1964
172
1922
1310
1062
729
1891
1122
2054
294
1387
1710
533
868
517
1394
524
459
535
1137
302
872
165
1464
1368
1109
1320
931
1604
1660
794
1447
1297
59
1098
506
536
1197
1743
487
1675
573
804
886
45
1674
713
2096
360
2227
1576
2151
754
2171
1886
1457
843
1182
1587
646
1307
1588
373
410
1431
808
1805
1635
2133
193
1185
265
1291
401
167
350
1468
1677
289
1554
1452
593
175
1626
2015
1262
1692
1160
992
1979
695
236
140
2195
1024
1205
2047
510
692
888
530
1549
1688
1642
1370
1273
1071
29
1252
1445
260
209
1833
238
1638
503
866
1352
1391
297
1984
1079
1448
987
982
347
933
371
823
971
1800
1328
903
975
41
677
203
966
1333
1686
14
954
2098
2157
2037
563
2105
525
2220
10
1249
1930
1316
1110
1544
1114
1286
2136
1189
2038
1848
370
842
479
2221
441
2091
1115
94
518
312
1133
893
1384
2117
1517
1234
876
1873
1090
2110
569
698
223
381
61
1028
2011
445
1730
1768
1811
2112
1351
1536
1289
680
1106
1552
364
701
830
2036
1878
224
1177
184
1983
1130
703
1392
424
2012
800
85
1242
887
1538
329
2089
400
1598
145
968
258
881
1989
967
498
784
1727
19
106
83
1196
687
264
1530
1381
1203
2213
1261
397
91
1100
132
1337
407
1492
1007
1335
782
8
1213
2071
314
1992
1797
1285
1408
1933
2183
267
465
762
1853
2055
991
375
1113
1139
171
741
1774
2150
720
1373
262
137
1258
1449
1996
2123
2035
426
230
1302
310
1503
1489
1696
1270
1835
1438
1005
1830
658
1752
2155
30
115
1275
1618
1808
1355
1769
1163
1277
288
308
1892
2064
1957
396
796
1780
2017
2021
1086
806
1683
2130
213
1429
1644
240
121
117
68
1507
57
313
2148
2088
75
1896
599
786
529
339
1441
1894
673
1265
616
1823
196
970
1923
1077
48
188
643
1198
384
278
345
2132
1997
326
869
1776
1745
1980
728
1927
1327
1716
1047
750
2044
1567
962
301
1295
1022
976
890
863
624
1486
1008
860
1929
1493
798
1146
2007
755
1241
850
362
691
382
1936
2057
102
1294
1104
732
2016
1248
11
386
1209
712
568
1826
874
1732
108
1916
333
1124
1580
942
697
1325
1356
780
2211
1336
1045
366
2229
2176
1367
1851
281
1251
1511
1987
2079
1301
2066
629
1484
2182
889
2076
1870
1353
898
621
334
73
1809
1988
1775
160
46
1726
1169
1741
1742
1496
1025
1099
1645
409
2231
2134
1442
1622
1783
335
707
878
1861
1266
1568
1904
1840
1432
805
429
450
1215
27
1557
1171
679
597
1824
7
1208
249
1330
90
1186
834
1596
1865
2003
0
1500
2126
1446
295
865
2026
2212
2113
761
1272
1843
478
2060
1846
1418
844
913
2173
1247
1858
537
1734
2218
136
446
1306
2203
574
454
408
1267
318
1954
2027
696
1937
1575
1141
50
1822
191
1762
1817
442
580
1156
1153
2056
253
2193
612
3
1579
584
74
436
721
1791
72
1621
1666
1346
1812
1673
725
1521
1703
483
1278
1136
1977
430
2074
1142
861
1127
440
1739
1661
2058
434
1413
1401
28
1669
746
55
279
181
1029
485
797
405
2209
1713
505
2094
2002
1863
622
379
338
920
879
315
1397
1118
892
596
1570
739
36
473
309
1803
1528
470
113
914
107
1760
1050
1350
328
1179
1889
1039
522
1145
980
1221
1078
910
1611
1617
1360
1009
1758
608
1002
636
1569
252
1798
1154
581
1751
2085
221
1670
1379
1571
1227
1754
2040
738
1240
2005
361
324
1083
385
211
1125
583
771
49
1919
699
1488
906
829
474
1253
1497
852
84
1819
1158
2226
2219
1102
1502
154
632
1777
952
1485
981
2049
122
1874
183
957
1869
101
909
911
201
1425
1226
1982
1184
319
1765
2225
1017
1116
2228
1246
65
447
1323
212
1506
420
1545
1210
266
98
1928
939
2147
1699
1108
1862
523
812
2186
1785
640
2087
516
1324
210
327
438
717
1345
214
1872
2178
1470
1096
1371
1188
1326
953
946
1117
606
1167
2
62
1143
1678
389
150
551
1876
1089
227
1595
35
5
1888
1211
1994
549
1244
1053
457
932
1599
604
647
1049
125
775
1770
526
772
849
1056
38
1747
826
1825
1239
225
2181
93
2234
273
383
1128
1586
2208
1412
1042
520
2000
904
1821
245
1101
1707
170
519
2149
1052
1407
2162
825
425
482
1914
1720
715
129
1542
2104
633
12
1512
2114
1650
1639
1423
1541
1380
2168
2131
2222
1562
1813
660
614
941
1237
1347
927
1820
1424
2010
809
634
1625
900
1415
320
9
777
828
497
1970
1362
2197
1015
1529
1909
1633
799
1968
1563
1953
39
589
1680
1033
618
1513
2145
453
2053
1516
1299
1799
1313
564
1895
1761
1255
998
443
856
358
1369
500
1491
1737
1838
1119
818
161
515
689
2146
1551
1972
1358
1054
2153
336
907
1105
21
924
565
675
1019
1404
774
1292
547
753
1283
783
272
653
644
649
1011
1585
936
2137
97
1561
626
2062
1471
1866
917
1095
2129
1444
1537
307
178
857
232
220
1393
977
330
928
935
711
1501
1181
925
1829
1740
242
2099
1162
1465
1614
2069
285
1057
1040
528
1519
620
274
999
824
128
1845
795
481
700
53
1229
1698
1749
502
813
148
25
2032
1654
1420
1461
417
173
1901
770
1000
2192
1637
1068
127
2154
1990
1558
1403
234
814
793
1883
623
2200
1207
662
1063
71
716
1778
1037
611
1649
69
1474
1308
1668
1612
187
609
668
134
1679
1991
759
686
404
1684
2217
1911
1700
1663
1908
744
2086
1807
1993
882
1357
1719
1012
1935
873
1490
52
1478
1961
1867
2122
1201
269
488
1433
231
179
1144
1378
1132
1372
615
2156
1232
460
2092
1998
718
1451
792
143
2090
159
298
215
2050
4
1518
1416
591
726
1271
1818
378
346
1640
1744
284
1527
1717
189
31
32
37
40
56
86
95
110
120
146
176
177
194
226
229
235
243
244
251
254
276
296
299
311
325
340
349
351
365
403
411
416
419
431
439
444
448
449
458
467
469
475
476
480
490
501
534
541
567
587
588
598
607
627
650
665
676
694
719
727
730
735
760
764
766
779
791
801
802
803
815
839
846
851
853
884
940
945
950
955
956
974
979
984
985
995
996
997
1003
1030
1044
1058
1061
1087
1094
1097
1111
1126
1131
1140
1149
1150
1157
1159
1165
1174
1190
1193
1200
1212
1216
1217
1230
1233
1236
1263
1280
1281
1284
1305
1311
1314
1317
1334
1376
1389
1400
1422
1428
1455
1481
1495
1510
1520
1522
1526
1531
1543
1577
1583
1589
1593
1597
1605
1606
1619
1631
1643
1646
1657
1665
1681
1691
1693
1694
1702
1715
1718
1729
1759
1782
1789
1790
1793
1802
1815
1844
1856
1859
1877
1879
1880
1882
1900
1913
1924
1966
1978
1999
2001
2013
2020
2051
2052
2063
2067
2077
2095
2101
2111
2124
2127
2138
2142
2177
2180
2184
2196
2198
2199
2205
2210
2214
