2217
250
1265
1541
1629
2160
602
487
1024
1926
1991
1215
500
1076
1152
792
1562
2206
1115
1750
635
1323
1000
1672
1932
1946
113
1919
2216
1839
2221
221
811
1512
83
1051
1042
248
1509
1696
1550
1754
683
1467
1082
2130
134
1394
942
1231
81
590
1104
140
700
520
112
1026
512
7
1676
1143
1289
960
353
136
932
389
1982
1763
745
2152
2089
2209
794
100
1766
74
1608
1595
1010
1596
1625
1707
869
1959
51
773
1576
1684
36
887
1908
768
2173
278
843
898
1201
216
428
202
1370
1124
584
289
646
608
125
1588
1724
733
383
1304
1930
1770
1823
1587
918
823
874
603
1803
899
1837
540
345
870
1830
53
1810
755
910
702
45
1189
16
508
156
1127
1267
1764
1720
1524
1106
142
297
1276
1218
556
1271
227
657
580
1572
1995
5
1446
1907
2179
468
1525
93
1571
989
470
1630
212
1294
363
1781
2146
671
2197
2021
652
1909
1545
334
1050
1047
58
1942
2225
169
328
1470
172
1155
1679
949
639
1725
2202
1981
1366
1258
2191
1310
1229
2133
1701
162
2008
835
1013
387
1222
2085
1392
1671
1841
1460
1073
1405
1322
574
261
872
1933
1002
515
1941
67
922
1227
1357
258
88
533
454
198
1318
714
1768
552
752
2096
1407
1624
1119
1171
938
1749
1735
1277
1987
117
1480
1644
1647
633
204
1523
2104
1206
1424
303
1120
422
897
2151
255
1935
507
1121
220
1209
1333
2054
1871
1187
245
531
1184
1330
1898
2088
288
2074
70
452
1855
621
518
1139
139
1614
1794
1398
1610
1070
217
1686
560
1873
2185
661
2082
840
2203
806
1827
562
1207
1779
1920
582
1536
856
1609
1677
103
1220
1315
2153
1421
1865
1667
1813
1808
1109
203
2017
855
1072
793
705
2121
1093
896
1069
1031
1558
2174
108
762
1734
1700
1270
441
1786
1238
1974
185
925
376
1156
2218
808
1434
1783
1326
1685
597
119
751
1347
1535
2219
1409
595
712
2223
94
312
1863
2078
880
1466
1598
133
1955
1997
1390
1973
446
339
2186
1915
1530
2132
1286
731
1360
926
559
270
352
1968
1714
2023
1268
308
523
2009
1382
1864
1246
551
1778
485
878
1146
1312
1565
1142
483
679
1804
242
593
1678
1563
1356
747
2107
1018
619
1993
1371
1634
1567
789
971
2055
1469
645
2148
612
514
488
1799
463
1540
740
649
625
2208
466
703
1160
1501
1892
433
2207
1123
1662
1669
576
1822
1906
513
1870
1046
1857
757
1269
2211
143
2113
1235
11
1626
239
200
2081
1561
2108
1556
1692
2222
628
145
681
1403
1252
807
664
151
2011
1688
734
1321
1970
206
1638
873
264
686
1832
1881
810
1367
233
1237
499
43
800
1023
1554
1651
1298
23
175
1257
41
1259
316
2144
1183
180
237
2007
1035
1637
1162
147
491
2200
907
2143
636
1579
246
1927
881
337
73
2079
1
1056
672
69
1903
295
1341
472
965
1292
64
298
1994
535
1732
1166
2227
4
1027
1012
1425
753
1944
394
1309
218
1173
1451
359
1687
1840
1590
407
2000
860
1029
1198
1721
1504
1447
1716
1654
1053
207
517
2060
78
381
1592
2192
54
836
19
577
1820
1899
1048
1878
350
1028
486
1485
1243
1521
545
1503
739
1674
2139
158
1213
1463
1683
1365
2083
329
287
215
459
1938
31
32
37
40
56
86
95
110
120
146
176
177
194
226
229
235
243
244
251
254
276
296
299
311
325
340
349
351
365
403
411
416
419
431
439
444
448
449
458
467
469
475
476
480
490
501
534
541
567
587
588
598
607
627
650
665
676
694
719
727
730
735
760
764
766
779
791
801
802
803
815
839
846
851
853
884
940
945
950
955
956
974
979
984
985
995
996
997
1003
1030
1044
1058
1061
1087
1094
1097
1111
1126
1131
1140
1149
1150
1157
1159
1165
1174
1190
1193
1200
1212
1216
1217
1230
1233
1236
1263
1280
1281
1284
1305
1311
1314
1317
1334
1376
1389
1400
1422
1428
1455
1481
1495
1510
1520
1522
1526
1531
1543
1577
1583
1589
1593
1597
1605
1606
1619
1631
1643
1646
1657
1665
1681
1691
1693
1694
1702
1715
1718
1729
1759
1782
1789
1790
1793
1802
1815
1844
1856
1859
1877
1879
1880
1882
1900
1913
1924
1966
1978
1999
2001
2013
2020
2051
2052
2063
2067
2077
2095
2101
2111
2124
2127
2138
2142
2177
2180
2184
2196
2198
2199
2205
2210
2214
