1542
2167
1617
1387
695
1352
1490
418
2090
1160
1171
1121
809
217
773
794
274
2072
623
1108
552
690
582
830
93
2154
1711
372
1045
187
1521
1485
1462
865
1779
452
1735
604
969
605
1396
807
932
1071
1127
858
2053
1713
951
1996
1708
1717
2050
1798
507
715
1703
423
1525
626
2160
1016
1763
1403
1854
1080
29
284
1082
738
1963
1137
1070
58
2168
1797
1253
1304
99
74
302
824
536
838
1803
570
430
67
1582
319
612
91
1746
70
367
1278
867
1038
1887
158
1361
289
1775
1463
656
1206
1017
1120
1123
736
621
1524
1327
97
22
574
10
1558
358
1468
462
2122
927
275
1893
708
1553
2126
2165
1257
1118
575
784
510
1062
2042
1791
1917
2159
104
204
211
315
1021
225
346
2034
1119
139
114
322
1980
347
2060
136
564
789
1986
657
2104
1415
191
2182
1858
734
696
233
1800
1546
1297
747
1448
959
260
596
363
1399
1450
241
780
1536
268
1923
1134
787
1926
608
2108
1205
1906
882
3
15
538
1698
113
1567
576
1475
942
1662
477
1855
1465
428
2007
1745
1261
992
481
207
1970
1768
508
1099
1936
658
1674
687
1701
1443
391
1084
162
609
2022
1380
1002
599
1116
1125
841
2078
702
437
844
1896
1085
728
2087
663
1884
432
1238
568
778
1154
2156
1431
528
122
1749
1581
1585
1518
1714
2115
2208
1113
850
406
1767
1027
2055
900
1944
227
1851
1338
1036
1956
478
577
1086
944
860
1151
1472
1809
1310
2006
2043
1811
446
375
2173
151
1269
1386
1857
957
874
92
378
871
197
677
1326
1430
1379
352
2029
522
1498
1549
71
1189
79
109
1938
1242
740
731
1004
2226
87
24
512
1689
2102
1537
832
1989
935
2121
330
4
748
1872
2222
1414
1078
1765
474
2096
1195
61
1138
1946
1220
1964
117
1207
1239
2054
606
1344
923
968
1077
2073
788
1366
1226
1199
1613
1807
338
429
821
7
1060
72
242
1979
714
1322
1988
210
2098
1869
62
920
1270
1308
2147
631
360
1493
1109
1929
308
1262
1259
1435
1995
2075
247
2086
1275
167
1770
1814
1158
1457
1114
277
1268
878
1576
1562
2131
1920
19
1408
1846
881
1273
906
394
1812
1818
1439
1213
1208
2129
316
1737
843
2197
1769
721
405
1645
1750
420
540
1466
753
248
798
2145
1962
1663
1377
531
1362
757
304
666
707
1008
1636
479
983
560
813
213
78
1287
1487
126
811
1781
1222
1350
50
1358
1117
1248
805
732
465
1065
1034
36
661
1982
614
2000
660
221
1359
1675
203
1958
1649
1479
89
1453
2076
488
1446
537
1186
1232
1934
1381
1668
896
471
619
1066
75
100
1152
125
1477
601
1155
374
520
1834
1733
1611
2217
493
1176
1026
1410
877
1271
2153
175
1296
271
642
1860
1716
1515
1866
267
625
1397
60
1731
1825
1302
2035
1633
5
2146
519
253
511
1682
909
562
1394
44
1864
1147
461
726
1841
897
921
377
1024
1829
1136
1032
336
2187
1488
1747
1544
1294
2232
2116
1993
2132
1181
463
756
910
2002
816
1037
1504
492
215
1678
1175
2080
1626
208
925
1503
1998
1796
1135
181
518
2092
1124
314
724
1574
1992
2149
425
1898
886
1390
2038
329
2128
399
1266
931
680
163
1413
1943
1940
440
324
445
1010
1725
1451
616
602
2224
1960
1895
1556
1240
2203
295
17
1484
77
1048
1489
1840
613
1274
1192
2117
2081
148
1409
282
1353
290
238
1283
1890
1700
257
451
2036
889
103
323
1438
1634
264
1424
76
12
436
716
1398
852
328
1801
504
1291
1420
1724
484
1601
1976
2161
111
331
9
2123
84
1635
408
1666
1685
659
173
1647
1335
1365
1570
1179
1764
293
1378
1285
1225
81
820
810
701
98
1909
280
1142
1951
993
654
1112
231
1862
483
38
975
1000
2163
700
763
1416
262
1719
1333
1299
527
1868
958
263
1083
224
1806
895
1053
1817
1050
1670
1697
1942
1392
1984
2059
1843
133
1336
359
1632
628
1957
393
1994
526
350
1454
506
796
1153
1953
1950
1853
27
1470
1637
482
1015
1591
2133
1341
1561
903
1426
486
745
2213
1343
1874
137
1610
1826
8
303
999
733
618
1753
30
1683
1928
2005
1141
2191
459
1170
1041
300
427
622
1441
2048
1128
1727
2093
1505
183
287
743
2056
1374
1824
1339
1784
321
524
1202
600
873
34
186
155
831
441
1959
2089
1163
73
160
380
1370
1578
1712
939
1530
2118
1235
68
1771
584
2091
2189
864
818
1629
901
1219
1405
35
1915
1196
494
686
270
2037
1357
521
683
1907
1931
1029
1680
1705
422
868
879
2170
1074
502
401
6
288
525
776
1722
1618
2070
1740
1267
1373
1214
759
836
1252
1491
1571
1919
245
1823
135
2140
1464
354
1033
2018
1983
692
1049
384
1528
1295
489
542
417
1831
1833
2119
414
497
1014
1540
1282
834
1870
121
1067
1355
866
335
2193
1539
2014
2219
1835
1660
1501
130
1772
1828
954
1478
2188
930
1264
1688
386
83
228
1620
1101
2144
2046
1469
569
2082
2233
255
201
318
934
1143
2031
535
2010
2024
1788
793
2192
47
337
1687
368
1655
1351
390
216
1372
1258
161
573
615
1535
1506
1935
1063
1756
1557
1886
371
643
292
1173
1423
797
2079
806
2011
1876
1483
890
1517
936
2179
857
1318
232
2215
2231
1762
1012
434
1529
578
1363
586
1757
823
2234
165
545
591
1686
2152
711
1346
54
1088
2069
840
145
637
937
1090
1133
655
2120
1445
611
966
2209
1130
1667
1224
63
1025
635
1289
1881
1785
2130
2065
138
739
647
297
1739
435
45
1237
681
1104
1187
1388
2114
1009
1288
1710
1744
849
41
899
1972
342
2058
1144
902
1215
379
43
1300
891
447
11
2157
1997
1404
842
1600
1412
976
1209
2141
1783
704
1820
2045
1930
2009
808
1873
220
2106
1595
105
188
468
1609
2207
1471
1211
1839
424
973
1565
924
28
1068
1272
172
106
633
1251
1751
2113
269
883
131
46
341
2175
2169
442
2178
1690
1473
2025
1129
835
88
141
693
2174
669
1203
1523
1592
198
53
498
1042
326
961
994
2204
456
894
119
1301
1676
792
1103
908
1043
206
281
396
1754
1447
2064
1047
94
1436
2194
1172
2137
1850
1883
640
1621
101
118
464
952
317
917
1167
744
772
2040
1383
170
532
1185
1494
990
1673
863
644
2228
2201
266
1752
729
571
1603
678
1766
783
51
252
826
382
2084
1990
196
1548
645
1096
1385
1677
1072
1728
362
256
450
1459
1837
919
1303
509
1076
222
765
595
2100
409
1332
963
2039
967
965
1418
1482
712
550
888
1244
69
855
499
703
1514
1168
2
345
746
2195
988
938
2083
1541
674
1433
2176
1575
1474
1367
1323
565
2162
1652
2012
1286
1184
1427
1572
1197
1183
1653
742
675
1348
466
755
777
928
1369
653
404
1320
1937
1255
2027
1816
1452
911
559
1307
1648
230
1738
1250
218
178
306
1502
389
848
1039
1449
1115
116
1696
190
1265
1552
453
2066
581
2171
369
59
1569
169
1533
2225
1132
1547
594
671
771
1349
977
2041
662
1460
1587
1559
421
646
555
49
108
699
544
1905
1407
1639
1808
1967
157
804
1194
517
209
1177
1105
1031
1908
301
875
320
1421
1748
2190
905
709
515
989
1324
754
1914
495
926
978
1625
827
1903
115
14
2071
723
164
392
641
845
356
869
885
1260
433
407
2185
1904
373
1500
632
1776
1555
2094
1640
1795
749
1704
1276
2028
1902
1602
947
1991
1395
533
400
1627
630
822
1773
786
455
261
1069
1889
1813
1623
1805
1630
1497
339
1975
1573
312
770
205
1607
334
1191
2200
426
192
1787
1516
1774
2099
1476
353
554
1760
364
1051
725
2062
782
673
1384
812
385
503
2107
82
1974
943
1952
561
1985
2143
1563
2074
1723
1871
2158
1777
953
1354
1321
1672
2105
551
862
127
1437
914
23
790
1371
590
1584
286
1512
1089
1496
2110
775
2032
1538
1246
1210
1507
1669
1228
1927
159
1461
249
1658
2003
982
580
1292
1799
1987
16
2230
153
1509
1641
579
1651
1182
922
438
1169
1382
514
1
1442
357
1804
1315
1102
981
2211
2148
1721
42
1229
156
85
1156
1545
343
819
2021
195
915
2136
500
638
250
530
166
2212
1375
1139
597
2166
1056
361
828
1425
1419
1057
1695
825
2181
593
174
1965
892
200
25
781
1981
679
1417
1624
1480
2139
837
998
634
2164
149
722
1095
2216
664
1550
1527
150
2068
1588
240
413
1444
1293
1079
1347
689
720
829
1742
1221
859
549
193
1838
1973
1810
143
443
717
620
2026
107
1337
1671
1331
1916
199
285
134
376
171
168
1596
556
1249
1706
279
273
470
893
1161
1867
1961
2017
2218
124
1534
65
1755
547
1897
2135
1309
603
682
129
2206
1918
1091
1894
946
713
705
1921
1615
236
1933
698
1941
548
1836
0
1411
1456
189
1910
768
2150
2016
1402
1847
2155
1901
96
1290
2008
246
546
309
2004
1316
473
1145
1429
929
52
1325
1679
18
1492
1822
1566
1654
1006
1107
1949
543
1827
1852
472
1594
1642
142
1406
1849
558
202
1604
688
410
1842
1330
566
918
1845
1661
1947
344
1922
2023
1458
980
1204
1948
1707
2186
402
1180
987
589
761
1761
1093
872
505
1664
1298
629
485
332
212
941
1277
1279
1106
460
152
20
383
102
298
259
904
64
737
1692
1532
2088
185
1885
2109
1243
1888
1046
1551
697
1254
639
1734
1440
1899
381
741
123
237
1052
1393
1227
553
1865
355
26
1939
1223
1364
397
1166
1848
1969
1467
1891
1110
154
57
1148
1306
370
128
948
313
2223
278
1709
487
1312
1313
39
767
854
398
1955
898
348
833
1968
1022
2103
1360
66
291
1736
710
557
668
1560
750
572
2112
1819
1059
880
1821
1971
1511
913
523
960
1612
1100
752
1054
1231
1730
706
1340
184
1342
667
563
80
516
1792
1954
1040
1911
617
454
1932
2227
2097
2033
2085
258
964
1650
1554
1861
986
529
774
971
1598
672
33
648
758
1486
2019
1028
55
1019
1245
751
112
1055
387
2134
1638
179
219
180
1098
1794
214
1356
1644
294
1513
491
962
2030
1614
718
2202
1508
2015
1564
1368
223
1786
1201
1863
48
769
283
1912
585
817
2221
2220
795
916
651
762
1830
140
310
182
1013
1590
1001
1247
1720
388
1164
933
1628
1434
1780
1659
1188
685
1162
1007
876
234
2044
652
1499
592
907
1758
132
31
32
37
40
56
86
95
110
120
146
176
177
194
226
229
235
243
244
251
254
276
296
299
311
325
340
349
351
365
403
411
416
419
431
439
444
448
449
458
467
469
475
476
480
490
501
534
541
567
587
588
598
607
627
650
665
676
694
719
727
730
735
760
764
766
779
791
801
802
803
815
839
846
851
853
884
940
945
950
955
956
974
979
984
985
995
996
997
1003
1030
1044
1058
1061
1087
1094
1097
1111
1126
1131
1140
1149
1150
1157
1159
1165
1174
1190
1193
1200
1212
1216
1217
1230
1233
1236
1263
1280
1281
1284
1305
1311
1314
1317
1334
1376
1389
1400
1422
1428
1455
1481
1495
1510
1520
1522
1526
1531
1543
1577
1583
1589
1593
1597
1605
1606
1619
1631
1643
1646
1657
1665
1681
1691
1693
1694
1702
1715
1718
1729
1759
1782
1789
1790
1793
1802
1815
1844
1856
1859
1877
1879
1880
1882
1900
1913
1924
1966
1978
1999
2001
2013
2020
2051
2052
2063
2067
2077
2095
2101
2111
2124
2127
2138
2142
2177
2180
2184
2196
2198
2199
2205
2210
2214
