116
1758
1005
1416
428
716
778
1199
1001
1587
429
1524
1686
1894
1899
178
752
651
1674
874
856
927
1052
55
345
865
771
1950
309
459
1862
1191
1851
831
825
1041
1824
248
890
1892
517
1014
510
1120
1162
22
1409
1378
1395
1477
1933
1300
2204
729
1077
1327
1102
1146
962
1433
750
1083
1161
1712
268
1364
46
132
282
800
669
1321
121
0
1620
1906
91
681
773
826
670
186
350
1884
553
645
1222
1359
1298
935
93
434
593
1113
1379
947
1142
2144
1337
850
1940
2038
45
1122
1969
1004
80
5
2082
596
92
1250
1692
1466
1232
284
2056
421
1743
1427
1139
2233
784
1977
1653
680
1590
1315
2225
1542
693
293
781
1000
473
1502
381
1926
783
1645
796
58
813
1244
62
1937
302
938
367
1426
2149
2156
495
763
1563
646
954
2034
263
100
700
2207
626
253
1649
1903
1870
1600
526
879
1847
170
1727
447
903
2098
2148
337
1101
554
1421
1249
413
333
2167
1728
4
1104
675
970
725
1613
6
384
1148
136
1168
1896
1987
1637
957
2191
2181
445
2084
1036
2130
550
1809
1125
1511
1226
936
672
899
1530
1519
1834
2064
1297
71
557
1285
2175
2078
728
585
1387
1089
338
2187
1457
806
1447
211
128
1451
424
1489
250
249
380
1930
2046
1559
1822
326
756
838
749
455
290
755
1127
1156
1358
571
369
207
2070
1588
2221
1538
860
78
1703
1460
1878
260
1235
1439
1158
1352
2192
1129
869
902
679
1085
1054
808
1336
1831
1979
399
1282
1832
304
982
2201
41
1837
1465
138
1372
720
515
924
1499
647
1792
1227
1377
1852
2076
556
1118
795
425
599
1344
393
163
881
769
1283
819
88
1237
1008
1911
639
789
621
1753
2206
747
401
1663
382
1354
1576
967
804
2136
8
160
1464
372
852
530
816
1042
617
948
1554
2152
1443
1572
837
149
889
1251
1868
1367
1549
1013
342
1991
1210
538
1761
635
1434
1397
1980
1751
1203
1664
220
622
464
1196
2081
1800
1219
1869
1027
433
1928
757
297
748
1704
1071
953
2195
594
1835
1328
2075
564
1781
389
521
817
1755
305
295
10
1138
916
864
1528
868
2179
140
887
453
414
1550
704
712
1132
2003
1541
1804
145
184
854
1855
821
1942
1756
410
1500
348
1786
2024
418
99
1720
525
983
600
799
2086
758
551
66
119
70
662
1829
327
1997
1673
888
522
1573
687
1399
707
861
1035
1437
1874
811
1292
1768
841
2087
1090
2103
737
1965
1641
1582
2074
1616
496
1596
1491
1904
978
472
1151
1604
1192
891
835
1770
857
1432
1070
1742
1959
1145
1807
1206
738
1989
1252
17
529
59
1539
397
2123
507
281
1020
2190
1778
1764
960
512
506
1607
1332
569
614
677
156
213
1810
1513
63
2083
38
212
125
845
361
1993
54
98
2022
1186
1326
2137
1361
1858
1973
823
987
1270
1667
1821
422
562
1598
1871
303
1109
312
60
921
485
265
959
688
1474
1238
1096
1039
1533
437
1594
1608
1234
570
1182
1943
1849
818
2108
498
785
216
1571
358
1184
224
491
2092
1256
1073
2193
247
2106
294
1580
2172
1881
1269
319
914
2043
323
1419
805
25
271
1446
923
391
1032
2028
866
711
2033
1386
893
590
1740
584
1402
1797
897
574
1396
1436
183
928
834
973
701
1178
1825
1675
2151
591
1812
1618
1204
1617
1059
44
511
427
1735
175
166
1095
354
822
657
2232
339
1056
809
1082
739
103
1838
278
1350
1002
1964
751
1086
420
1747
944
1023
16
69
1626
1470
1638
1134
2073
1218
734
301
1076
315
827
1258
3
2085
1220
1351
1919
724
1047
169
1074
1277
234
723
26
892
446
1876
932
33
1417
717
190
360
1385
1976
1836
731
188
946
579
18
1517
780
65
67
642
1722
1079
1493
1480
89
1262
1278
2125
714
1796
2021
1677
873
762
1135
961
1932
1508
733
1483
102
2203
1123
1889
1293
1968
1760
1498
1391
1750
1456
1788
1890
206
1918
1785
1110
2029
1124
2006
2019
741
1081
1353
1010
114
2165
2030
1185
628
457
1975
878
678
663
949
1029
1425
179
1883
74
452
1393
187
1914
2147
634
1412
1494
1475
926
1734
215
383
1970
201
165
2216
519
774
47
1440
131
363
2
1011
1175
1863
270
48
843
1910
1738
1469
1724
1565
1069
73
2002
832
318
715
258
1690
324
1286
144
1370
123
1888
1243
1846
2145
1063
1901
486
654
124
523
537
1644
2231
2065
649
1655
533
746
291
370
786
155
937
14
1442
1662
1179
1817
1707
199
51
1574
352
1854
980
1591
1865
1873
61
910
830
470
546
1654
430
709
1529
886
228
398
895
2080
1075
1611
1330
1765
1441
2131
113
2176
772
1957
2088
1128
1898
1375
1245
690
1424
1324
1763
666
629
1776
2059
378
1887
544
1843
264
273
1170
192
2014
1723
1668
1357
193
1680
971
2031
542
1610
1164
1744
1121
2121
1187
2220
2026
2057
43
1173
2000
185
702
1754
1034
643
147
1458
1418
1935
405
883
1211
547
233
787
1981
1291
1527
2146
1687
1449
1255
1242
977
1553
1509
112
101
137
648
1833
1360
375
2071
1459
285
1050
698
376
1197
1773
931
134
1947
277
652
1294
520
1195
307
934
255
1805
976
958
1214
2090
1176
1746
2049
828
1737
1194
1160
320
2161
1273
1721
2032
1682
1288
1166
1599
2099
2143
514
502
2186
524
1205
1430
205
341
1172
2047
1725
2061
221
2153
1339
2164
1100
1072
2025
1347
896
390
1103
31
32
37
40
56
86
95
110
120
146
176
177
194
226
229
235
243
244
251
254
276
296
299
311
325
340
349
351
365
403
411
416
419
431
439
444
448
449
458
467
469
475
476
480
490
501
534
541
567
587
588
598
607
627
650
665
676
694
719
727
730
735
760
764
766
779
791
801
802
803
815
839
846
851
853
884
940
945
950
955
956
974
979
984
985
995
996
997
1003
1030
1044
1058
1061
1087
1094
1097
1111
1126
1131
1140
1149
1150
1157
1159
1165
1174
1190
1193
1200
1212
1216
1217
1230
1233
1236
1263
1280
1281
1284
1305
1311
1314
1317
1334
1376
1389
1400
1422
1428
1455
1481
1495
1510
1520
1522
1526
1531
1543
1577
1583
1589
1593
1597
1605
1606
1619
1631
1643
1646
1657
1665
1681
1691
1693
1694
1702
1715
1718
1729
1759
1782
1789
1790
1793
1802
1815
1844
1856
1859
1877
1879
1880
1882
1900
1913
1924
1966
1978
1999
2001
2013
2020
2051
2052
2063
2067
2077
2095
2101
2111
2124
2127
2138
2142
2177
2180
2184
2196
2198
2199
2205
2210
2214
