1114
394
2163
1370
702
752
1301
1234
1970
1652
749
1804
298
201
916
1156
330
1456
336
383
502
1519
1028
701
114
151
6
629
401
1842
1321
1205
404
1855
1175
1192
1491
1050
1447
4
1432
1573
2234
560
1172
223
611
297
116
1704
368
1459
1827
2072
1507
1871
1630
2140
604
964
1399
2221
499
1746
1627
510
1134
1093
1052
1247
1053
2025
1677
2220
1521
446
736
1641
1711
1421
344
109
72
768
1228
278
691
1394
1897
2037
2227
1153
775
1304
1089
479
215
976
237
1720
1558
1552
188
613
1047
2215
497
878
180
787
971
60
1054
973
1066
99
1473
1929
717
1785
1862
29
2202
364
389
744
425
1825
8
313
799
1820
205
821
1541
866
533
771
2027
1968
1769
329
1910
1472
970
2109
1350
374
1344
1796
183
856
1237
705
232
906
710
1288
468
2200
1899
1780
1454
434
1647
148
435
857
1958
1834
1508
1457
1687
269
885
682
224
811
2147
204
1202
1302
164
328
1922
1419
561
74
1539
1316
833
1674
630
1555
2081
1570
1185
371
843
2093
1429
63
262
1182
1325
990
1104
1451
84
89
1146
1439
1863
1405
1662
172
751
881
688
2114
420
1278
1774
1292
1347
809
1529
1367
807
43
372
1663
963
400
260
287
1831
1794
2014
2186
1138
1036
1121
433
865
986
2100
820
1965
593
1881
1297
2135
253
548
1951
1892
2194
1903
82
1547
259
2159
2074
421
484
2122
2034
347
2105
1975
343
369
1162
2099
2129
1397
1483
2116
1354
1348
707
112
812
293
1629
569
1388
360
1385
555
1826
657
1848
1766
828
339
1120
12
848
1530
1710
2232
14
285
692
901
1013
1224
1375
1049
1544
618
1498
33
508
27
695
958
782
2176
915
140
858
2218
165
1477
477
2154
1618
624
1448
1642
1773
154
15
131
1261
144
1073
590
1323
1490
948
1806
788
486
303
868
1048
1340
2030
1462
1468
606
1928
1401
1810
876
1341
71
436
1911
1108
659
1287
289
77
941
1023
1969
673
2136
1343
274
137
129
1199
1888
1189
686
1977
410
2086
2222
2059
1171
870
852
428
1306
796
246
586
877
309
1298
1055
1706
1734
1226
902
1119
1982
85
836
1164
1947
341
609
1561
1019
1404
2110
1293
1082
1294
2071
722
2004
949
195
605
1187
928
1366
211
323
597
774
527
135
1141
1533
998
1176
1002
1934
2028
929
2092
1197
912
1995
1724
720
739
1020
1065
1139
1672
1265
968
2164
1893
1240
214
2046
1091
1300
652
684
2057
748
1905
1775
1396
689
1624
837
946
1308
520
1074
1987
864
1183
1656
162
377
378
295
324
1613
1971
2206
1416
70
1408
1791
914
399
386
1186
1482
905
352
2191
478
826
1698
302
2058
1489
166
2134
1195
168
1904
816
832
376
1733
1869
44
681
317
41
442
1299
1356
2156
1828
1572
2118
1080
1986
1127
890
1727
2061
432
423
536
398
602
679
158
570
923
960
1257
2017
835
2060
1260
931
491
1985
1515
249
1585
2079
1
2011
517
1409
1938
615
706
557
101
1611
1850
1819
1085
1196
649
1902
1081
1771
1179
1342
522
1845
294
2117
713
910
206
725
1088
1685
1743
1571
255
1392
509
634
1067
2102
1666
1207
579
672
991
424
800
1807
1078
1201
628
861
492
1269
1846
219
1001
181
592
1896
245
118
463
1188
844
944
596
1661
2009
1655
637
169
810
1650
1735
2042
1123
1256
1697
1954
726
2018
355
1752
1379
1241
583
2219
626
1467
2084
746
363
669
1407
543
1721
1264
2065
644
1191
610
544
718
1484
2113
639
1696
1562
239
1360
631
1580
2148
1430
1786
545
2038
1137
1587
1994
553
1753
1716
934
1033
1739
1442
1099
819
280
1649
2024
1433
1803
1788
1024
2076
1998
337
1823
308
2039
1512
2192
1333
96
1974
310
1437
1638
1579
577
740
61
273
1784
978
2128
69
880
574
1692
1235
1741
1106
747
1436
178
2107
1206
514
405
715
134
780
854
488
2053
1129
2003
571
1990
466
1645
472
2036
1689
2153
1059
406
1695
1952
1132
666
1920
2173
1523
921
2049
1576
1038
813
498
2112
1460
1163
896
732
617
2125
184
1488
1124
1996
1830
563
9
1940
550
887
2055
1933
59
633
1770
1309
1184
104
2021
357
1102
827
542
825
703
793
1948
1242
776
862
1178
733
1398
1866
1936
1792
526
1016
525
1271
1849
397
1105
1914
25
193
660
450
1616
500
1259
687
1378
1822
1964
1425
1364
348
1393
21
724
729
1051
2145
1215
1927
1578
1500
2088
1145
1959
1852
456
2211
1423
1277
493
126
2166
2040
783
1056
1907
1008
616
1772
1449
908
1906
2204
1444
2152
1069
582
1168
1391
191
34
1732
1829
830
1420
268
392
1015
225
51
658
390
1973
1671
952
1250
2023
1194
57
1198
529
1493
483
883
300
1795
575
1617
1783
1092
1935
119
1492
685
1166
252
2000
2048
167
917
1731
1136
540
1723
373
1604
1950
1083
817
1167
2073
2158
531
247
2
192
967
1209
1640
1450
0
892
2223
784
1925
758
1258
382
2123
2143
261
39
407
66
91
1227
1007
474
594
566
1984
306
1688
150
1286
741
496
932
1557
1027
1268
882
1349
1592
728
2197
1841
1440
1700
130
926
1805
489
1151
2029
1590
238
445
1750
258
1464
1322
272
1883
459
1466
1144
2098
1621
762
1029
1413
697
909
331
1006
1660
1776
461
198
2026
334
13
2090
227
1736
585
1255
2097
10
653
1651
174
1809
1626
1854
528
711
1594
241
761
2066
2054
1443
438
1337
999
1390
305
38
789
1478
64
1005
1155
1249
2149
2012
457
1327
1011
203
608
1072
263
422
1214
16
1808
1246
257
731
794
1154
1757
2006
1042
1315
1032
562
1479
516
1431
1135
1993
1276
1009
92
849
1937
2126
485
2179
138
379
1270
1445
1944
481
159
2089
785
2183
1504
680
1361
230
1725
1446
153
2094
1244
920
537
217
925
271
847
1475
1017
1669
1469
1012
1740
1026
981
5
1222
117
2189
1435
1307
1112
1895
1865
646
1221
670
745
1476
90
413
873
524
1546
648
1470
218
1926
1295
207
1981
2121
430
396
770
395
1525
1814
2230
546
1369
1628
2203
1612
933
106
2083
623
2043
600
402
52
1494
1633
209
453
1754
1511
1608
612
893
584
947
54
1956
1787
234
354
1463
1238
1358
1549
50
1569
1267
1103
781
1722
1884
1368
279
465
1683
1118
1505
808
1565
889
1686
558
1811
47
1972
913
535
1620
1919
894
568
1941
1382
552
693
2041
2167
173
2144
1632
1415
2162
1800
79
471
645
102
1673
1355
1332
98
918
1550
935
1680
1273
455
1556
48
1025
1220
1728
504
654
1474
1755
256
179
1537
350
1285
1173
417
26
1749
1076
2082
242
426
80
539
495
125
141
1744
965
81
1675
332
1251
437
2106
518
1528
1873
1623
1560
189
1699
656
1142
2056
342
266
506
983
898
185
512
1602
202
1812
2008
1438
2120
1708
152
2087
641
2190
824
2033
1891
1962
2115
1563
1658
1730
1709
121
621
267
872
1064
1377
1291
115
831
345
22
1591
2032
1232
1887
765
773
83
1763
1000
221
1553
454
186
2171
1045
2119
759
307
1063
698
1932
647
1357
1607
1833
288
1412
1418
2080
989
175
443
2103
1035
2062
869
943
1070
1690
2212
1767
190
1084
1596
1262
1567
2002
515
1861
1071
709
674
1738
316
969
212
523
2155
139
1949
755
427
1918
1513
559
1160
200
677
1639
2007
440
1034
2150
1634
1872
494
505
786
171
1916
1117
599
614
2170
2019
385
2225
619
367
1991
1148
160
818
1705
1909
1128
1668
196
182
1664
777
1858
1712
170
1122
460
53
513
850
987
1359
1290
2195
1678
124
1386
320
988
992
1747
1961
353
1161
1601
1275
2132
1387
36
1248
1765
1296
671
1252
1411
1351
133
2233
163
1283
1538
2022
283
1801
1414
145
1679
924
1524
1963
1931
1817
1372
1930
580
408
11
554
108
2108
1758
1090
1653
601
1501
904
1518
248
1100
1018
1147
1545
136
1676
1898
675
2131
1272
1945
1096
897
1506
1109
1266
829
447
58
937
2146
700
993
2035
73
2208
953
1022
678
1223
1584
1821
1878
2070
936
1813
1458
1424
24
2075
2182
319
2133
2068
1760
314
100
841
282
792
1890
1213
451
277
1487
573
356
814
380
67
470
46
1406
1575
1208
462
359
1707
922
1636
2047
1225
1889
375
1535
45
1427
1039
1921
1374
2160
2069
122
1542
1566
236
1014
1599
1885
907
806
142
704
1946
1509
2096
620
1471
1371
1115
651
2078
1426
1976
1330
1075
595
464
284
867
1229
1818
1353
2005
327
315
547
723
1857
642
855
708
977
1465
321
1980
418
1031
1838
111
2224
767
1486
1635
103
1098
1992
76
1046
625
2216
1021
2168
93
1864
1101
1503
387
503
1625
1077
834
662
603
17
1320
1181
1403
228
1243
1335
778
1915
1041
1886
452
795
187
668
2157
1714
1586
1057
30
366
1670
1637
823
2188
473
1170
415
1868
1328
482
49
149
62
1703
798
1953
1331
1346
265
1211
756
636
281
1843
197
712
661
1177
769
23
1989
1339
1867
156
68
132
78
2151
240
743
222
1362
1043
55
763
1745
1502
1279
959
88
1824
1682
1701
772
1751
556
1832
147
1615
1282
2207
1847
301
97
2064
1204
155
576
1152
874
127
1338
1839
1345
1762
1574
391
939
1434
734
384
714
1917
2016
1336
1143
1901
1719
632
2174
2193
1452
333
1352
7
1313
1779
1748
1514
900
1312
1324
318
564
1816
1659
1942
1781
738
1062
441
886
742
1923
1798
845
622
2201
1603
75
1210
1497
951
2139
1527
1004
123
754
1125
1310
930
1540
919
1654
753
860
1840
962
911
2141
1107
414
1363
1110
264
716
213
2226
1532
1955
107
2104
1667
270
2010
1851
1534
1799
1564
393
1997
805
1598
1768
42
1960
1908
737
2169
1303
572
362
903
1726
664
1158
2187
2178
2044
1835
1410
1441
957
643
859
1133
1274
1684
757
31
32
37
40
56
86
95
110
120
146
176
177
194
226
229
235
243
244
251
254
276
296
299
311
325
340
349
351
365
403
411
416
419
431
439
444
448
449
458
467
469
475
476
480
490
501
534
541
567
587
588
598
607
627
650
665
676
694
719
727
730
735
760
764
766
779
791
801
802
803
815
839
846
851
853
884
940
945
950
955
956
974
979
984
985
995
996
997
1003
1030
1044
1058
1061
1087
1094
1097
1111
1126
1131
1140
1149
1150
1157
1159
1165
1174
1190
1193
1200
1212
1216
1217
1230
1233
1236
1263
1280
1281
1284
1305
1311
1314
1317
1334
1376
1389
1400
1422
1428
1455
1481
1495
1510
1520
1522
1526
1531
1543
1577
1583
1589
1593
1597
1605
1606
1619
1631
1643
1646
1657
1665
1681
1691
1693
1694
1702
1715
1718
1729
1759
1782
1789
1790
1793
1802
1815
1844
1856
1859
1877
1879
1880
1882
1900
1913
1924
1966
1978
1999
2001
2013
2020
2051
2052
2063
2067
2077
2095
2101
2111
2124
2127
2138
2142
2177
2180
2184
2196
2198
2199
2205
2210
2214
