1527
472
1194
610
246
1146
415
1215
275
327
597
990
2000
1259
1436
647
763
1735
70
2091
1443
156
1179
1584
2216
446
1834
2107
450
862
774
759
2118
1158
1093
313
1283
1674
1607
972
1653
1705
1509
1981
1766
1065
1747
1163
1211
1489
1411
457
123
167
1508
223
1234
147
2034
593
1168
114
1408
1478
1267
250
644
368
1182
1564
551
1551
503
309
1377
544
350
686
1119
721
216
1995
2232
1457
1176
1720
813
1760
637
1804
546
1125
1099
513
1620
1048
2117
717
1020
485
1162
536
2201
206
1943
2220
1390
769
1837
390
396
1998
2219
580
1064
1901
868
166
2123
193
2105
1086
570
1270
661
1952
1375
373
204
915
605
1974
52
2080
1433
1542
320
1237
1926
1015
988
380
88
800
1621
1516
1989
1012
1656
2040
857
2222
1548
1461
1468
1897
108
1755
1624
267
1936
55
1471
1637
447
1549
1599
1965
1135
2162
1297
1244
1106
2090
2211
1487
1201
1598
1004
875
646
947
688
1975
172
1496
576
408
768
149
1271
881
1743
382
1240
1112
1351
2121
1205
1475
1083
1816
1241
112
1927
154
1862
140
240
1956
837
175
1752
187
531
1737
1268
1852
13
711
602
393
1595
1019
11
237
962
1655
549
491
43
1894
1648
103
169
1318
1911
1219
151
1398
1800
973
330
2131
67
1386
852
319
2094
1298
357
806
8
1075
1948
477
1333
518
1812
1640
1089
98
749
1114
2092
377
1871
1364
599
345
1252
1347
2112
111
526
1169
310
1501
1142
752
256
343
1130
1796
738
1820
136
2221
2140
427
249
1272
704
260
562
1545
1524
2054
1666
1454
2160
1878
1618
2062
227
728
2113
1372
1485
195
2024
452
90
715
300
1563
701
1514
164
205
1716
848
1558
566
1322
16
1918
239
822
932
132
1401
632
1921
1490
315
50
2089
1466
10
2193
1189
1935
1843
949
1608
48
2032
1609
1958
2147
1036
941
1630
696
12
1084
363
26
1001
1363
1116
2075
664
292
1251
2079
2027
2060
436
1002
905
698
1915
1448
1208
1175
1668
64
1591
1484
1868
271
1773
1459
298
1761
1910
113
568
722
374
636
1530
1253
1740
397
218
601
1005
1566
133
903
1024
1221
54
2070
634
879
1809
1320
816
643
1679
1811
1309
720
184
19
121
841
1269
1257
578
1128
939
1805
929
2087
1980
624
148
1536
672
433
1753
1864
1741
3
1819
1758
1243
324
2135
900
424
1960
716
516
876
2158
1798
1070
674
1726
1916
954
398
1072
1818
885
1528
863
780
826
794
341
550
1229
2172
1038
740
440
681
1067
733
2114
1214
1518
379
1641
867
338
4
1783
1396
799
840
492
2010
2174
284
651
1559
726
1670
618
553
322
1117
1851
1147
1202
1831
1224
590
118
796
445
1226
917
1628
775
1587
1392
1590
1000
2130
1218
25
1441
1088
708
1739
1412
1928
913
1661
2116
144
1013
2168
2126
432
2157
99
1586
1827
28
525
641
155
1708
1264
1316
2189
261
1629
171
821
654
645
712
207
689
1178
999
1906
2143
145
1953
1289
1282
1580
186
179
81
1388
301
2163
1973
1266
514
1944
1949
217
1836
274
1127
2203
1560
1711
2185
2215
353
1547
832
1442
1738
751
606
124
356
137
2108
106
1431
455
62
22
328
1373
507
1870
456
1348
898
1876
1553
1081
959
745
1077
454
595
391
1991
631
1884
771
1456
1962
1639
1883
1349
744
1096
2209
1546
1206
2046
731
1507
1986
1537
1027
192
464
734
228
352
869
2195
263
1572
2041
87
902
1768
159
795
1654
387
1143
573
1312
968
925
557
789
196
2008
1649
1415
80
911
652
998
96
496
1066
277
1479
1324
1690
793
2186
906
1506
2056
1603
2228
670
308
61
502
1866
2018
1787
289
653
1742
1410
1037
1832
981
561
1500
93
649
648
556
866
1331
836
910
438
2179
462
847
2171
1909
1886
1540
34
921
1238
628
2206
1054
1063
465
2213
326
60
481
1354
66
1923
1963
1939
200
498
957
1045
1931
1709
1582
907
1835
1417
409
577
1571
861
1110
1220
1166
1246
1992
1596
474
471
1769
548
126
2
297
835
901
1107
529
42
1687
1660
934
1123
1210
575
221
871
1445
1074
1872
202
1850
1275
2161
1132
1658
344
521
1173
1570
1688
1645
451
1594
1814
2173
1511
1432
951
565
952
1840
2023
1826
893
538
1573
586
912
1380
1118
1857
285
2076
776
331
1684
1875
314
827
264
1321
931
1614
399
667
1180
2012
2166
413
1622
2081
937
1413
1676
692
109
198
1983
1919
168
1098
2021
1502
2154
616
1821
671
844
1838
2050
346
1480
1357
180
219
183
378
1669
286
2086
1155
555
1378
23
1423
1017
1249
860
690
453
504
1134
1493
2144
617
36
1635
1014
1675
442
1326
1535
1955
1750
883
1942
1899
1748
1462
1984
268
2048
1167
919
58
1904
1707
1450
535
1988
1561
1245
942
72
1888
1
1920
2164
1905
59
41
318
1967
270
1332
2145
360
736
1499
1405
2224
547
1342
1425
1770
1016
1946
975
785
1713
1409
564
1672
642
679
304
1575
2165
563
1505
2074
1933
2004
2069
784
18
2217
1853
2006
2190
1523
1170
2097
1080
1659
1903
1762
1951
1120
1733
537
1101
100
75
737
1325
1521
1420
797
150
2038
1191
1977
1764
1139
1421
423
1780
1092
1663
1725
287
421
1254
420
807
489
888
877
47
1765
2053
1145
619
1327
2002
2234
1569
1288
571
1792
854
761
2156
1842
1829
1195
101
238
977
2115
1515
1290
747
1972
1368
2133
964
104
1696
880
1197
230
2098
508
1062
842
1172
131
2129
1772
1736
935
1625
1261
1078
280
178
2207
1387
1714
385
2152
584
2029
1154
1213
1306
993
1199
2182
560
1152
401
1336
856
1090
2093
1722
1328
1329
1052
1869
1908
2019
1602
960
639
1600
1188
152
1538
1698
371
890
65
386
1806
1993
266
400
127
824
1225
255
970
215
269
1945
770
2009
2122
1419
1439
924
1160
1749
965
153
1579
1301
1395
1858
1141
512
1207
1797
2170
362
134
329
2073
2110
1239
1896
1833
889
1767
2125
392
1424
1095
1730
375
2169
1416
609
1845
1699
463
1137
615
1664
1447
1517
1644
625
84
1181
359
896
336
2175
519
2015
1133
199
558
1683
2128
1250
753
656
1184
262
369
213
1228
630
669
15
1695
1914
2139
943
1073
342
914
259
76
1465
1402
222
660
278
295
1051
1979
1279
1680
695
1756
1310
6
713
1356
865
1183
596
1255
33
190
1581
2030
1706
428
294
505
1922
1932
699
872
1784
414
742
1381
1124
1171
1091
1912
982
1957
1810
1578
1262
2150
1429
1009
554
2065
39
236
834
904
1779
1292
1296
1954
1028
626
1161
2061
1678
1846
1651
666
678
1299
1673
1721
758
1025
1156
1446
2102
1203
1731
1109
887
1682
2099
389
971
273
1697
173
928
870
1277
517
1751
739
677
129
1474
1692
1232
242
367
1828
882
680
2191
697
117
1278
756
1893
1319
878
1867
1430
1968
1638
662
705
792
157
1082
1615
74
1576
497
460
1294
83
762
1961
2231
1873
2159
116
2100
629
479
1539
332
897
1807
1129
1121
305
279
2223
364
85
35
1817
2134
1863
2042
7
290
918
1562
394
1010
49
777
1650
189
891
1671
1969
527
1361
1947
2197
600
1940
788
1855
524
1192
46
1382
1346
407
1881
1555
811
1076
992
1794
1519
1033
107
1435
1006
388
1588
1335
2059
1885
1069
2072
1011
729
1276
820
2178
2204
466
20
528
225
710
1700
1458
1148
1710
1366
1068
1491
1196
1303
976
395
2068
29
51
139
1724
936
1636
473
1034
425
1330
321
1302
1383
1340
381
2036
693
312
115
1778
1895
1568
1512
850
2057
1994
57
783
702
2188
623
1473
786
2049
1394
1929
1959
1304
1964
859
1414
1633
522
102
772
1337
141
1085
790
370
181
709
160
1344
682
1611
1418
585
1757
781
675
1902
2149
530
1874
182
410
1822
303
1185
1565
2083
2078
2066
687
2155
1108
1849
953
1488
2045
234
1345
612
170
2026
257
203
754
542
209
470
214
1018
582
1023
511
1406
1026
1286
825
638
1890
1865
483
1745
1204
248
339
71
2016
317
540
1719
923
755
926
1100
21
2141
1295
1384
1426
1803
366
119
1889
1604
77
418
581
858
874
355
938
1704
1788
2025
2017
655
2039
838
724
1791
224
2011
1781
1567
486
746
855
1035
1799
245
1938
1338
1494
1823
927
201
1627
657
829
402
1223
1040
2044
495
383
621
1934
574
1550
1703
1273
1059
165
1293
1744
1795
307
487
272
1813
1476
1754
1492
608
814
1677
1472
2103
828
2096
817
253
506
2014
1055
1685
14
916
757
174
437
2120
1861
69
1374
482
2028
1985
1712
1050
1438
1996
1990
2071
809
1728
658
2005
91
750
1470
948
1367
1008
1860
89
613
532
1616
691
404
980
2132
97
1776
185
1554
291
31
32
37
40
56
86
95
110
120
146
176
177
194
226
229
235
243
244
251
254
276
296
299
311
325
340
349
351
365
403
411
416
419
431
439
444
448
449
458
467
469
475
476
480
490
501
534
541
567
587
588
598
607
627
650
665
676
694
719
727
730
735
760
764
766
779
791
801
802
803
815
839
846
851
853
884
940
945
950
955
956
974
979
984
985
995
996
997
1003
1030
1044
1058
1061
1087
1094
1097
1111
1126
1131
1140
1149
1150
1157
1159
1165
1174
1190
1193
1200
1212
1216
1217
1230
1233
1236
1263
1280
1281
1284
1305
1311
1314
1317
1334
1376
1389
1400
1422
1428
1455
1481
1495
1510
1520
1522
1526
1531
1543
1577
1583
1589
1593
1597
1605
1606
1619
1631
1643
1646
1657
1665
1681
1691
1693
1694
1702
1715
1718
1729
1759
1782
1789
1790
1793
1802
1815
1844
1856
1859
1877
1879
1880
1882
1900
1913
1924
1966
1978
1999
2001
2013
2020
2051
2052
2063
2067
2077
2095
2101
2111
2124
2127
2138
2142
2177
2180
2184
2196
2198
2199
2205
2210
2214
