183
2078
840
693
641
1553
915
1994
710
1584
303
1037
1669
2045
1560
946
1464
1143
255
816
267
142
1721
1894
909
1052
952
1323
332
488
1251
748
1950
1474
2009
155
453
2025
508
2007
1864
1146
1223
1525
92
1903
236
2121
2098
2229
1848
1636
1670
566
1811
1887
2056
2197
2231
1671
2048
289
1267
1466
1538
1799
1633
1825
2050
2207
1358
743
1572
2000
1758
655
1709
220
1441
1922
558
344
1866
1182
1172
1133
1130
2010
902
313
670
2079
780
1456
544
560
1272
456
738
658
2075
438
1602
526
143
1580
1735
584
917
1487
1239
1124
1391
1258
489
929
530
491
90
259
580
1622
1192
1090
214
1377
1023
1179
1307
125
336
136
1331
679
1686
1004
2061
2083
1345
1625
800
1255
1997
1053
872
459
611
775
1226
2228
1266
1141
1858
1187
847
165
1325
1986
398
1077
1326
614
855
1828
1564
470
707
980
1286
804
1707
327
1616
754
2027
1581
793
1294
370
1518
2076
216
638
1576
1118
1254
521
33
1745
1348
622
1175
1394
2028
1299
1000
1484
2152
930
353
535
452
701
1551
1279
806
47
2158
1027
1902
22
1446
481
141
1088
1714
2212
2213
869
1224
761
347
1634
457
261
191
234
685
1515
589
166
1641
1837
555
1478
769
1505
1227
692
1964
61
814
1797
1039
1684
1841
1596
948
1769
837
1516
161
812
1164
1043
990
2147
154
1563
2202
1397
2122
1774
888
247
2093
2131
2008
1139
1457
1329
547
1915
1578
1554
1153
531
1429
1169
70
653
1328
1414
2100
278
2140
543
714
477
899
771
256
890
821
1461
1948
108
1819
1485
538
2031
144
1245
272
620
529
2087
785
953
379
972
2173
1539
1291
868
1575
1980
1086
360
1471
1929
512
168
71
377
2114
1083
523
1010
1683
1501
691
664
1127
1355
1028
635
1944
1846
376
602
576
1943
532
414
513
485
781
579
1112
472
1344
1136
1734
1374
1654
1768
1421
2096
1364
2047
651
2139
1812
1791
1747
2035
1977
2221
435
1934
2155
1901
1145
1834
2103
227
1201
50
269
1784
1674
1436
114
613
721
316
423
515
866
1183
1426
2176
140
986
1290
1287
1327
1746
1261
1242
1639
1960
197
1647
1892
312
31
32
37
40
56
86
95
110
120
146
176
177
194
226
229
235
243
244
251
254
276
296
299
311
325
340
349
351
365
403
411
416
419
431
439
444
448
449
458
467
469
475
476
480
490
501
534
541
567
587
588
598
607
627
650
665
676
694
719
727
730
735
760
764
766
779
791
801
802
803
815
839
846
851
853
884
940
945
950
955
956
974
979
984
985
995
996
997
1003
1030
1044
1058
1061
1087
1094
1097
1111
1126
1131
1140
1149
1150
1157
1159
1165
1174
1190
1193
1200
1212
1216
1217
1230
1233
1236
1263
1280
1281
1284
1305
1311
1314
1317
1334
1376
1389
1400
1422
1428
1455
1481
1495
1510
1520
1522
1526
1531
1543
1577
1583
1589
1593
1597
1605
1606
1619
1631
1643
1646
1657
1665
1681
1691
1693
1694
1702
1715
1718
1729
1759
1782
1789
1790
1793
1802
1815
1844
1856
1859
1877
1879
1880
1882
1900
1913
1924
1966
1978
1999
2001
2013
2020
2051
2052
2063
2067
2077
2095
2101
2111
2124
2127
2138
2142
2177
2180
2184
2196
2198
2199
2205
2210
2214
