1836
1634
85
74
1664
1825
927
1425
1533
134
328
861
1093
273
1349
804
387
1770
696
1001
992
1050
2207
484
589
1307
491
231
1364
435
255
1869
1379
1727
964
1910
1372
698
230
592
246
1382
605
2178
48
1891
197
1743
319
810
1469
1403
451
2089
737
1308
21
236
1017
1160
305
1830
114
602
227
2017
390
47
1853
1947
1012
1625
932
1241
1358
1852
202
968
978
1986
2112
683
901
355
1574
323
1214
1399
1447
16
1675
463
1872
1921
330
82
1803
783
520
2078
2146
914
35
266
1002
1661
1421
1353
1553
634
935
409
620
507
1524
2097
141
446
8
903
497
2225
1732
1591
1139
1361
1767
794
1434
395
1493
2158
685
1340
354
765
712
2226
1134
786
245
841
1632
2015
1398
315
80
1502
1933
2125
1544
1750
1479
959
267
13
261
750
1806
73
1282
1277
597
1561
1374
1092
1736
413
376
1559
1096
812
2179
1992
664
1834
1571
645
1780
1167
361
1791
647
165
1480
414
734
1586
337
1082
1083
1676
1242
998
879
249
1907
2211
401
363
1108
970
277
1424
483
616
1144
2216
821
1005
234
1969
1231
729
26
1848
835
934
1576
83
1342
175
1660
586
91
611
166
472
1818
905
1679
752
670
2039
124
1881
918
1792
1169
816
1861
2115
1527
973
1841
1662
1614
70
2185
1829
960
1578
264
2222
522
464
132
1624
1330
688
1237
379
1698
1601
1227
662
1955
1436
531
268
1851
140
774
931
301
294
14
1539
714
1063
1711
1435
1940
556
473
1454
906
1076
1488
1246
1562
571
1857
493
1448
749
1197
947
514
367
1040
265
1700
1128
1322
537
1016
1795
1035
800
2098
7
421
601
614
1558
394
1758
1650
1973
136
495
271
658
1452
1018
2019
1038
1381
675
754
156
2168
1487
2139
1338
1837
1433
242
814
1414
1438
1776
762
1641
2096
511
898
2031
233
1523
1385
2162
1248
1528
1057
2033
1887
1885
1007
806
2056
891
1496
201
533
1549
2041
2060
102
682
2228
1668
776
967
1343
410
1221
949
2202
188
612
2192
1164
1341
1569
2167
1626
295
1647
1775
924
292
1504
624
1130
2164
252
461
54
1506
1927
1572
1175
724
1509
516
1339
506
1143
1920
2070
460
1630
526
1041
1265
525
402
1942
1326
369
1875
543
1303
2201
857
530
1517
2106
1564
2010
1032
1287
1772
2117
562
1420
1222
2032
1899
187
1395
189
1566
1037
486
796
524
1465
1637
561
1794
1876
638
1677
1846
192
2000
1519
1712
668
1937
1737
237
308
1812
613
2065
1116
988
1799
1740
1749
1988
2218
681
1943
1299
1151
1497
1838
443
2114
1768
329
551
1867
869
400
284
206
322
707
1807
1059
128
604
1066
1407
2148
1538
2087
1777
733
170
1161
27
278
1195
1380
1945
1810
2219
1981
1124
1391
1719
310
72
2002
939
1871
1347
2107
892
1873
131
1095
1512
882
1079
1202
1304
1656
1006
157
659
1466
1745
871
92
1253
1610
575
937
41
2200
1915
1886
334
109
1784
763
648
1062
2105
600
817
2213
309
798
1922
1383
1328
715
2174
1279
121
1289
15
1845
1180
1404
1375
1797
1618
148
1462
4
1047
304
1369
44
181
163
69
807
744
848
1796
1173
2143
1914
145
28
622
771
736
876
813
1635
1801
919
902
203
591
1824
1689
1118
742
1046
1234
1310
1345
680
78
911
690
1670
2018
303
805
1295
608
1154
1394
553
1956
1730
350
209
117
573
697
1336
933
1301
811
135
904
825
2091
1261
1453
874
404
1011
1257
341
426
111
2009
954
1809
808
1146
1499
489
2108
845
2135
1779
1716
1482
615
1970
546
1064
1613
2231
849
1926
1442
500
1705
1870
1119
999
1105
897
200
1206
224
1917
391
1451
217
99
1651
2023
1036
1821
757
1896
1084
415
512
2220
1849
1320
1826
1753
2147
2054
285
1959
1073
208
1636
1188
366
1152
710
1313
1068
63
2068
957
1952
1292
649
1889
1009
718
474
1756
1250
468
119
1137
1010
554
1936
582
1629
1521
677
1965
2227
1778
380
894
339
1122
908
1765
22
1315
1766
1508
769
1458
2150
2209
127
286
68
300
1814
2005
115
2163
965
1819
247
1783
353
1443
1590
1997
2109
1000
523
1290
1300
53
393
326
569
1329
384
1285
1283
827
1908
1371
728
899
90
327
149
1198
1049
1321
372
1983
317
364
1406
335
184
225
701
1457
831
1430
1883
388
1584
1757
1728
1106
2048
2079
1294
1022
619
1902
2012
1996
76
1026
306
1008
640
1069
1638
287
282
1733
980
1633
1949
1309
1185
746
570
896
375
1145
1426
941
399
1226
2071
153
1833
1828
2232
1725
1995
2233
1893
1205
743
1015
447
893
185
873
385
2197
2223
1408
725
505
1179
1388
2053
639
1101
12
457
2153
2073
1671
2047
1582
429
362
1717
420
454
104
2229
1415
976
756
178
214
633
1351
907
1110
1029
644
23
262
599
1141
348
1278
171
550
720
948
1199
1773
2058
427
368
1518
1296
2028
1673
1840
346
137
1312
204
263
1609
318
1692
279
1316
1567
1862
679
154
1958
1080
58
625
942
1690
1486
186
2121
623
1932
842
1344
1842
1901
1475
1489
1163
96
1273
1429
6
678
2130
479
1258
1503
1225
193
360
386
617
1762
98
1627
1348
396
1298
2217
2159
1031
989
1592
1847
412
711
610
1208
834
1551
508
2169
219
462
1467
142
1459
498
1135
1238
1800
2086
1755
1709
1771
1067
213
332
2088
912
1617
2190
1530
1916
1235
1419
172
1370
1655
1276
1741
143
2215
1427
179
1640
1909
275
1985
356
991
1580
782
716
1701
1327
1155
621
864
272
442
1148
1170
818
566
1191
1850
963
216
748
632
504
212
2123
1194
1133
1025
2176
1742
656
336
290
1971
2154
9
1960
1228
1957
232
2034
1721
373
1463
151
482
1267
986
951
2221
890
2026
1541
1649
196
1726
1501
1014
925
316
930
1744
1774
700
2140
108
97
1925
877
828
1115
1570
585
1039
302
753
297
1595
833
778
928
2131
1622
686
1906
844
759
529
1935
253
971
1468
1492
1599
1020
160
1645
1547
190
1490
2099
377
1136
1323
674
313
2152
293
2171
921
1171
397
795
2151
1678
344
2006
477
398
699
629
643
298
1703
2182
693
767
338
1704
775
1065
2044
1534
1710
739
618
494
106
2183
809
1823
2120
2046
283
81
2173
2080
5
1052
636
52
77
667
1138
1600
2157
788
61
113
359
1045
87
1181
371
434
30
382
1275
1890
3
1091
1247
1498
1396
521
2011
823
248
466
545
1239
2045
2181
2195
982
689
66
2191
669
345
962
1113
1392
1688
1989
929
1387
654
785
1449
1432
1813
830
1297
1548
576
1291
17
855
1356
1594
1456
2043
1259
1542
392
240
1738
34
847
1912
1961
1895
900
1581
1027
2090
1215
36
1644
437
455
1359
1612
1931
1747
2036
922
887
1923
1176
1125
1384
538
88
112
590
917
1706
438
772
1545
1951
519
1121
1256
642
705
2007
2049
1550
626
2128
0
1565
732
539
1416
990
2042
29
2144
42
603
540
2003
1864
2104
1048
1805
2076
987
417
1366
2094
856
1515
1100
1739
886
488
2035
1077
2149
2224
1734
787
1053
1352
1953
1293
993
1262
1540
122
485
1043
1623
406
631
378
799
430
422
2083
93
671
342
1751
1373
1378
1682
1731
1071
169
1980
784
1608
709
1240
1683
2145
741
517
1720
1244
207
867
1532
2014
182
2025
94
946
2156
1808
1319
822
936
162
1972
450
2081
1033
1085
1186
572
418
596
1546
370
1417
859
1318
863
704
487
880
1286
18
238
1894
1409
1552
528
1696
1441
161
1153
1302
628
1333
67
1056
1628
723
218
1687
1357
1642
1699
59
1211
1674
722
1254
1355
39
100
1260
2113
1863
241
31
32
37
40
56
86
95
110
120
146
176
177
194
226
229
235
243
244
251
254
276
296
299
311
325
340
349
351
365
403
411
416
419
431
439
444
448
449
458
467
469
475
476
480
490
501
534
541
567
587
588
598
607
627
650
665
676
694
719
727
730
735
760
764
766
779
791
801
802
803
815
839
846
851
853
884
940
945
950
955
956
974
979
984
985
995
996
997
1003
1030
1044
1058
1061
1087
1094
1097
1111
1126
1131
1140
1149
1150
1157
1159
1165
1174
1190
1193
1200
1212
1216
1217
1230
1233
1236
1263
1280
1281
1284
1305
1311
1314
1317
1334
1376
1389
1400
1422
1428
1455
1481
1495
1510
1520
1522
1526
1531
1543
1577
1583
1589
1593
1597
1605
1606
1619
1631
1643
1646
1657
1665
1681
1691
1693
1694
1702
1715
1718
1729
1759
1782
1789
1790
1793
1802
1815
1844
1856
1859
1877
1879
1880
1882
1900
1913
1924
1966
1978
1999
2001
2013
2020
2051
2052
2063
2067
2077
2095
2101
2111
2124
2127
2138
2142
2177
2180
2184
2196
2198
2199
2205
2210
2214
