706
1775
2070
1194
1295
382
1433
687
565
1401
787
1766
443
2206
708
1493
531
434
841
2040
1719
319
2165
289
759
1458
917
831
1666
1748
134
90
1897
604
1357
1564
1453
1858
860
1296
1350
798
590
427
970
1056
1371
702
721
207
2108
1965
1853
3
1505
152
1197
193
468
1419
1678
1649
1867
2087
140
1977
245
1364
1588
510
1507
1219
1683
1734
1063
807
883
1845
2034
603
1445
1277
407
624
661
2090
879
859
1348
1440
315
1834
943
999
919
888
1338
1738
1074
115
491
754
1576
369
1960
1558
373
794
1351
954
1240
1021
972
675
881
309
515
2139
321
948
1670
337
874
1012
1018
690
348
539
1528
412
547
1652
2047
1731
1956
991
790
34
1711
170
1195
1741
722
1883
1404
1349
1524
1462
746
401
641
1618
2150
1488
1475
1148
2036
505
1566
887
1591
12
562
1687
1915
2128
477
1685
404
1266
1166
2171
1810
493
1710
726
973
778
852
118
295
145
1501
1934
2215
511
1511
649
507
1022
66
294
1160
389
992
0
1714
1320
47
2060
1739
814
1337
1582
544
1498
1812
1085
1318
2130
1485
858
2185
263
1824
1981
657
806
1293
1407
1985
1340
1081
1053
1795
1118
1224
616
823
402
1704
1049
1886
16
770
698
23
1368
699
1664
1410
584
361
2189
1506
105
1080
1556
64
1648
1244
1726
580
273
850
1093
1869
1188
1814
143
2155
1156
1227
1512
1079
983
123
1072
1411
821
1206
1568
2022
1953
1471
1083
715
1819
2224
2019
1850
1297
1454
975
283
2207
55
1575
2201
1746
111
951
1833
822
20
1939
102
1903
914
1467
1995
1933
701
1201
1092
1841
406
1973
331
1896
213
208
1884
1974
320
25
1442
2132
1136
1106
11
936
1735
1764
1147
1424
1811
2039
1912
1223
2072
596
372
522
73
288
281
922
473
2112
185
71
2135
308
1975
988
574
1508
27
520
704
1316
1518
1402
1860
99
774
2107
1396
149
718
832
1971
630
2016
2209
385
190
614
441
673
572
1398
292
388
597
495
1806
1673
1916
430
736
1546
2102
2231
1048
734
1862
2050
545
761
620
1447
2021
442
878
227
1813
1356
189
2213
842
204
371
1705
1375
1339
1050
2120
1675
396
573
81
1561
816
2174
1268
98
2169
302
920
53
157
215
672
1908
1979
1724
1777
1613
1997
154
1527
1936
353
1817
1441
415
1612
1503
758
1849
483
1035
1580
1509
218
256
1778
2122
1842
1513
1677
732
148
876
1387
743
1654
1533
2027
916
1010
1138
447
639
137
658
1931
1601
236
1745
729
1241
902
2159
342
1730
1989
731
1394
869
1105
1366
1661
2157
564
1178
1787
703
1504
1750
452
1805
2212
2173
2000
313
585
219
481
1494
2234
94
72
1621
1361
142
2028
2038
1069
1579
214
455
1902
212
1037
1408
1068
171
543
1450
274
2203
395
1469
141
1763
2041
1258
2145
817
1573
877
125
619
1145
1457
46
390
1095
868
121
938
75
1870
595
2003
117
1940
2026
358
68
1544
1427
1342
163
1360
367
2082
1491
1976
1187
1804
1980
827
763
1335
173
1637
496
1799
811
2096
2024
1644
1290
183
981
751
13
1578
1988
848
2216
1278
2065
1536
875
757
689
287
578
327
1336
1104
1831
1540
1476
2123
502
160
413
328
509
2181
1647
579
1863
2168
2032
668
400
2069
1837
306
228
625
527
1073
892
116
784
1262
1970
782
1301
2007
1374
1256
462
871
1754
305
1808
1866
647
847
1257
1425
524
1051
1917
83
1326
1432
1725
1703
2083
872
977
209
2146
488
1064
1756
750
433
1055
2223
248
882
378
1483
155
1630
989
569
286
87
1303
280
1800
1749
1732
906
203
646
1367
636
2149
525
221
1294
138
223
482
2226
1865
600
1042
1857
451
637
2131
1669
1399
307
1651
615
1260
978
1446
867
1881
1770
100
103
1549
133
894
1904
1146
126
1057
1274
592
362
939
197
1102
1019
329
414
1552
667
21
1014
1740
885
291
844
246
1535
1998
818
1910
969
828
322
1377
1020
1616
1287
769
959
326
967
2010
2160
1243
1602
1151
217
1307
1363
662
262
108
1640
1370
1355
913
42
1723
1127
122
1962
1315
1784
907
1108
1614
532
1894
1538
1084
737
410
1089
1791
200
1091
2182
2035
474
2085
1581
1480
733
1306
1346
339
1744
1955
487
2066
1695
1635
33
1633
269
660
1027
2092
1959
971
2043
1279
2156
1409
1707
748
31
32
37
40
56
86
95
110
120
146
176
177
194
226
229
235
243
244
251
254
276
296
299
311
325
340
349
351
365
403
411
416
419
431
439
444
448
449
458
467
469
475
476
480
490
501
534
541
567
587
588
598
607
627
650
665
676
694
719
727
730
735
760
764
766
779
791
801
802
803
815
839
846
851
853
884
940
945
950
955
956
974
979
984
985
995
996
997
1003
1030
1044
1058
1061
1087
1094
1097
1111
1126
1131
1140
1149
1150
1157
1159
1165
1174
1190
1193
1200
1212
1216
1217
1230
1233
1236
1263
1280
1281
1284
1305
1311
1314
1317
1334
1376
1389
1400
1422
1428
1455
1481
1495
1510
1520
1522
1526
1531
1543
1577
1583
1589
1593
1597
1605
1606
1619
1631
1643
1646
1657
1665
1681
1691
1693
1694
1702
1715
1718
1729
1759
1782
1789
1790
1793
1802
1815
1844
1856
1859
1877
1879
1880
1882
1900
1913
1924
1966
1978
1999
2001
2013
2020
2051
2052
2063
2067
2077
2095
2101
2111
2124
2127
2138
2142
2177
2180
2184
2196
2198
2199
2205
2210
2214
